200
Input -931266 841696
Query 735316 885877 -927151 -566561
Input -215681 -186651
Query -834964 681148 990585 998952
Input -373176 -621796
Query 795575 881754 -318877 55928
Input -856352 -982863
Query 611693 623823 -99161 895821
Input -382954 634080
Query 157377 423847 114811 662349
Input 404212 -396095
Query -903685 457919 202728 344483
Input 987991 -284074
Query -679610 610751 -199098 67762
Input 230527 27471
Query -557260 508478 -740098 693995
Input 892351 538004
Query 130270 888745 119327 566303
Input 338794 84300
Query 711506 825858 -339417 55301
Input -761091 -414744
Query -699209 467745 238810 737077
Input -502976 -788751
Query -813649 214659 296621 859456
Input -172941 735901
Query -390770 666836 196380 709099
Input 540784 24454
Query -901985 -573269 -182387 813908
Input -923358 -515068
Query 211137 658547 136029 397761
Input -85827 574801
Query 995941 999372 439446 609719
Input -212317 -491374
Query 765998 842837 -377779 -76999
Input -331297 -152494
Query -291443 194708 -40936 298545
Input 53815 334447
Query -326848 733365 -638685 588003
Input -940778 -567961
Query 992998 997171 741190 746397
Input -660224 -907396
Query 598463 839628 157943 493623
Input -820135 917733
Query 628561 872692 909604 955678
Input 122219 -252939
Query -731296 -7323 -696596 -140654
Input 499135 -890250
Query 484522 519344 -465755 -247801
Input -875712 -146839
Query 140966 665710 294402 604399
Input 951623 -971801
Query -961911 -325236 -978919 -814030
Input -523722 -227455
Query 560188 581231 -643449 -213699
Input -402949 -759292
Query 428396 676361 866812 889387
Input 370048 -578926
Query 387179 864476 -631664 372152
Input 659639 829957
Query 842033 940611 539989 564844
Input -919233 712093
Query -236932 389505 -650736 -603249
Input -222083 672874
Query 452637 787186 -13507 289292
Input 477461 -48720
Query -593597 369547 786011 815428
Input -188432 -249203
Query 252549 706066 639657 928691
Input -935647 -262081
Query 594783 623503 300104 363811
Input 637998 -957240
Query 352131 615239 587546 748936
Input -624583 -921892
Query 433416 685072 523641 949399
Input -735352 623194
Query 409103 957379 543474 990622
Input -328101 632996
Query 23636 701391 -13981 854714
Input 235402 -795007
Query 275447 716255 943576 973053
Input 129422 -60118
Query 364420 525380 -694460 618690
Input -850362 -449333
Query -176467 148240 -303355 -245471
Input -812722 889592
Query 854772 877803 -490650 884659
Input -537702 -232344
Query -863435 35583 -386138 784718
Input 727481 -61741
Query -124273 30870 -694084 -239305
Input -833500 130314
Query -643327 -496465 487983 723890
Input -510702 -227361
Query -761574 -473330 819562 981283
Input 704223 -185801
Query -918786 604315 729600 838659
Input -920656 -409653
Query 506435 600193 -451755 -81569
Input -410355 314679
Query -827436 371619 -771320 -168226
Input 942815 760816
Query 131358 640242 -858324 -260067
Input 268852 -443552
Query 941238 944649 861492 872182
Input -922328 -824846
Query -914691 405915 349821 527312
Input -199982 685104
Query -888303 -555709 -864956 -482174
Input -951763 -238115
Query -513445 75104 -370980 438681
Input -823193 288968
Query -352792 601338 641424 646253
Input 897301 240838
Query -111068 888621 216410 234708
Input 659990 -292409
Query 811286 886869 669883 813643
Input -494506 440208
Query -34601 851365 -164522 -158824
Input 690025 493667
Query 538479 867510 121054 829613
Input 173232 507011
Query -245159 98789 239708 624830
Input -331652 -948834
Query -715622 903037 894929 909630
Input -274032 -394496
Query 236380 613294 758534 875171
Input -874139 455814
Query -882410 433755 519914 890919
Input 487813 -441216
Query -416470 968952 -612840 852470
Input 533902 -451138
Query -500310 885558 851363 921745
Input 565900 -934536
Query -479186 389185 474452 687941
Input 366151 -725316
Query -232922 245757 836475 982012
Input 500615 -422368
Query 288727 292944 903421 968878
Input -237601 -366917
Query 743676 809649 -866224 10786
Input -560843 -838699
Query -142269 980357 -726684 -26088
Input -169322 -62514
Query 386591 777093 -243168 917784
Input 262672 -827978
Query -386915 153935 -864117 931186
Input -703878 -775500
Query -645463 775370 632675 917855
Input 906529 213257
Query 519126 999119 -903259 235473
Input 404032 834911
Query 811639 893907 -222551 948120
Input 713611 65925
Query 657399 755273 -755060 -487925
Input 817166 396701
Query -18433 339483 -155170 18579
Input 88087 -415264
Query 181607 675665 -856294 240486
Input -705325 -674402
Query 714433 817912 925054 994144
Input -328856 643936
Query -586276 -19867 327775 729864
Input 656124 715712
Query 568625 650864 -893408 -698770
Input -383442 -619267
Query -713192 646898 152060 744666
Input -713622 -443040
Query 69597 458039 -625566 -130427
Input -881212 -704565
Query 520113 896017 523383 597633
Input -940769 394014
Query 517572 625308 789051 995051
Input -227960 797022
Query -113649 -60042 381339 911858
Input -473218 -797104
Query -352510 4142 36876 99866
Input 601329 238579
Query -280843 558160 -540681 1694
Input 115483 225637
Query -997751 -240366 432717 842183
Input 686929 -267882
Query -859686 457093 72188 620724
Input -980672 -857539
Query 559365 639999 952167 998673
Input 901098 -738695
Query -507585 972535 -966589 328538
Input -280395 327058
Query 598030 940420 -48655 789992
Input -613082 312407
Query 617051 762785 -510687 774332
Input 608923 970308
Query 777298 909020 38188 140721
Input -38338 -89405
Query -579571 229548 -494348 -139783
Input -334938 -657640
Query 519721 810326 -134401 353298
Input 559521 -653750
Query 651717 966946 948645 953627
Input -680546 189993
Query -816936 145856 573671 649772
