2000
Input -602100 -233742
Query -182155 276002 117634 481068
Input -687868 686207
Query -436622 914242 591617 845568
Input 756649 -709754
Query 231043 986109 -852594 417746
Input 25921 -533823
Query -486544 470616 638025 970775
Input -138872 -708423
Query -348253 583129 237419 243235
Input -861513 321804
Query 469689 784909 160220 794198
Input -234743 55782
Query -26418 860907 -350248 595222
Input -616067 -819307
Query -232479 940195 -953751 -465714
Input 480026 898472
Query 173766 938264 -1164 73914
Input 240909 -316047
Query -289826 721875 -579099 367869
Input 233003 349917
Query 791703 899241 881125 971528
Input -1612 -929693
Query 761147 834506 -68582 66902
Input -232999 -990654
Query 335113 851651 -69598 916820
Input -300543 -897621
Query 973415 990982 -893827 -24843
Input 700872 705557
Query -185136 287444 -418119 251609
Input 687419 296006
Query 587655 880093 642267 939729
Input -94723 878883
Query 595469 879627 -164285 241005
Input 194541 -838384
Query -976842 950099 434496 825852
Input 672972 376436
Query -955106 -928335 -957062 -811360
Input -522982 14970
Query -179184 675491 -980444 233196
Input 882530 838296
Query 693299 735009 270860 492795
Input 356277 -612841
Query 319648 957931 68268 448011
Input -230720 983676
Query 464600 640486 32814 355769
Input 786695 72831
Query -860314 -399920 -96939 234135
Input 646724 -458585
Query 185156 852836 601512 953219
Input -493057 48734
Query -201832 451530 -906617 -773426
Input -851696 882397
Query -772429 360748 -539588 -500198
Input 100531 -670088
Query 455584 634989 413526 603763
Input 900194 -689703
Query -804830 69096 919735 949067
Input -975432 28148
Query -800559 -231076 756994 970717
Input -392914 250848
Query -707098 -327138 906877 911042
Input -151519 -567939
Query -95157 698544 293845 362779
Input 659275 63229
Query -985846 -17364 -614395 -363581
Input 911587 -313418
Query 18700 317045 -455827 840438
Input -391485 -645191
Query 373913 446993 728281 771755
Input 971436 4658
Query 220670 518970 -62906 869579
Input 892102 614640
Query -880328 728520 111397 665403
Input 686344 -154104
Query -986886 425395 -242704 195321
Input -468433 451539
Query 912805 982795 -359974 922076
Input -600639 -770643
Query -405873 712477 140092 774236
Input 777251 -543718
Query 7836 935568 324361 507927
Input -284808 -340877
Query -387710 984355 848854 933896
Input -429679 -903309
Query 41005 507125 965106 989105
Input 89602 -984144
Query 409754 707649 -513034 851417
Input -431627 109114
Query -343018 -188305 604969 935891
Input 11390 -460009
Query 412485 655265 368 630675
Input 801912 -418955
Query -949115 -617830 271112 964624
Input -406845 117209
Query -78237 -57357 -592451 -17280
Input 882937 -57355
Query -75323 921309 279516 316775
Input -646038 100223
Query 662758 766518 261157 685360
Input 188716 -64671
Query -310556 800445 -718997 570373
Input 261741 -740701
Query -468097 -436881 -195585 775795
Input -518264 -77049
Query 289426 571404 -157839 -125611
Input -467827 -631324
Query 674319 976213 -822063 -392289
Input -286012 661602
Query 486506 529275 529029 974064
Input -263384 -470997
Query -207295 -37265 -318365 860596
Input 637379 -110235
Query -361617 892406 -876731 655067
Input 366454 811030
Query 357960 733311 98689 137907
Input 543627 717015
Query -790600 528039 -28865 433584
Input -331145 683900
Query 562119 991713 -948728 951261
Input 90150 623852
Query -606635 -569392 369051 421519
Input 899134 808303
Query -425078 867901 800612 944433
Input -778041 -724385
Query 106184 412543 -775693 196197
Input 180564 881886
Query 4673 988842 539497 564997
Input 638018 -535971
Query -267 826309 545451 970496
Input 931999 -399761
Query -210341 148535 -448584 -27750
Input 17625 -361336
Query 236056 840733 751792 956453
Input -104913 931153
Query -768632 -667167 -47083 10360
Input -892941 176335
Query -732422 195003 825108 852079
Input -478172 167668
Query 158237 582272 506532 828173
Input -148207 926921
Query 73546 685921 -950922 919807
Input 479329 387450
Query 921012 960344 -361243 -189196
Input -442363 740673
Query 918026 983870 -956220 519893
Input -497804 -814604
Query -496192 76507 617949 820584
Input 373537 102569
Query -558799 -281352 -268996 114734
Input -138681 -689998
Query -610866 -330274 -83136 281169
Input -349387 -165687
Query 757273 959236 -309675 549110
Input -829749 49970
Query -841276 -637102 -12904 942742
Input 352513 874459
Query -760953 -489162 -889243 643365
Input 181897 460953
Query -682151 -502819 628837 884254
Input 785482 13032
Query -254713 -122593 -344207 190747
Input -780438 690022
Query 518562 749563 -753301 -686414
Input -63568 -284618
Query -436708 979999 -559167 -155726
Input 538031 826502
Query 128689 141666 -378884 362931
Input -624412 158644
Query -49092 789957 869305 995749
Input 744982 562575
Query 881224 928417 559840 937794
Input 982703 571590
Query 747367 829540 573299 957129
Input -768395 822193
Query -387283 139006 501758 851526
Input -823055 730248
Query -767778 265941 -741262 536834
Input -633468 -679158
Query 136496 561012 111172 158266
Input 595665 -175901
Query 290451 781647 459664 537526
Input 139712 -756389
Query 511963 917076 597724 914621
Input 687316 721864
Query -310216 293455 -114224 -69923
Input 104943 -116339
Query 574770 878179 -643562 -561046
Input -962113 601563
Query -60019 536833 -997434 -930888
Input 496248 -369019
Query 877797 924673 -960144 468540
Input -801282 -421863
Query 543490 870538 811899 887035
Input -672519 940132
Query -484722 341121 22826 272112
Input 308077 -11750
Query 268015 525326 -854948 -131931
Input 720648 -513040
Query -579982 -358009 528090 669539
Input -756994 -227835
Query -148798 -114537 -228296 954450
Input -476724 -154199
Query 246338 576355 837947 976345
Input 964158 -482738
Query 260194 449335 -666054 -127557
Input 229459 974805
Query -922944 846303 -242348 916108
Input -590341 346285
Query 574172 694901 300805 955522
Input -552362 -378120
Query 204278 661833 -855014 -22812
Input -305727 -173219
Query -90943 444070 -707936 956603
Input -325084 291719
Query -971087 778280 479622 667820
Input 699462 -328458
Query 842584 868359 656270 803445
Input -553690 539480
Query -285769 571560 697471 713256
Input -553427 -551490
Query 80796 647406 451601 794748
Input 758848 -387934
Query -137525 839699 338898 541931
Input 267030 807084
Query -977286 -706086 728689 936820
Input -809394 995928
Query 914033 914574 766825 958905
Input -234419 -862619
Query 888978 958301 816730 818899
Input 881734 736754
Query 93398 646069 925790 996287
Input -270188 -888066
Query -759051 177338 40404 925513
Input 262272 952456
Query 320117 512290 -694601 892382
Input 668362 -931645
Query 935793 990317 -775256 -303161
Input -503573 495908
Query 243268 924252 132202 207818
Input 197109 956307
Query -978837 -524084 373182 723697
Input -720613 -816896
Query 196820 828529 -331370 -122584
Input 601889 105757
Query -391121 973532 425713 748714
Input -634363 504226
Query -317682 751965 -741355 394474
Input -158210 542032
Query -623169 301637 938919 949086
Input 422469 -284699
Query 156331 309363 495519 592826
Input -439663 -114627
Query 278031 656091 -97155 -14079
Input -557065 -364134
Query 771631 873964 -814718 264236
Input 194379 -321486
Query -165548 793082 -215425 74111
Input -435436 17313
Query -550588 726638 692204 845161
Input -821690 -553751
Query -914507 871532 -981896 -309728
Input -949457 19237
Query -965833 -175347 622588 730114
Input -863106 72360
Query -521965 522302 625962 967083
Input -664555 114184
Query -703411 343234 460062 523929
Input 70005 -631901
Query 87546 959620 -637646 465141
Input -312906 677924
Query -208738 270843 55199 670668
Input -919487 783816
Query 957724 976108 -233902 114266
Input 159797 116466
Query 3346 977737 957615 968332
Input 604657 -97785
Query 214650 309140 -152360 -76037
Input -265979 170170
Query -373712 415045 997436 997821
Input -586286 -273551
Query 263389 868288 -123724 57746
Input 138598 -540245
Query -366318 34683 -986096 57907
Input 516440 182981
Query 157362 597781 -591061 978261
Input -394918 355573
Query 388548 790575 621330 673066
Input -195057 287174
Query -233799 410271 -155678 991690
Input -996844 -936857
Query 959484 978113 642145 964944
Input -720459 994830
Query 281654 609446 -610893 391079
Input 910662 -460177
Query -180844 885105 543320 745145
Input 699795 58009
Query -586940 785423 -872967 -826665
Input 996998 -634036
Query -943564 -333608 -60788 743051
Input -139775 518084
Query 872625 950234 -817650 315107
Input 367245 -604521
Query 507388 717650 603811 707882
Input -330122 362255
Query 112098 485133 806992 827460
Input -459043 222723
Query 781400 801290 241524 927588
Input 153734 -307150
Query -80193 443875 -129581 861
Input 923943 -719867
Query -834123 -558088 -544415 232781
Input -934018 -265131
Query -990858 223519 -547036 902656
Input 695699 385590
Query 557669 574761 33181 114575
Input -167031 715891
Query -938387 812160 244325 423426
Input -209206 582350
Query 320463 913420 45503 905275
Input 116204 -951162
Query -488616 526941 -537273 419756
Input -114968 -957061
Query 227559 739032 -99058 56375
Input -406218 -185912
Query -412828 332183 -564444 -405716
Input 286973 -369577
Query -875609 403825 928269 947501
Input -853625 839937
Query -369291 228664 -676637 -87593
Input -847592 786322
Query 282008 995707 -195553 541078
Input 704427 -926100
Query 359094 535554 -719950 603751
Input -2103 730168
Query 975422 999418 -762979 404794
Input -289293 -943121
Query 48933 955725 -896421 -787041
Input -518436 -373173
Query 489367 885922 -634898 -43545
Input 79316 -799013
Query -837471 -732737 179580 641016
Input 730116 -142955
Query -511768 117103 862355 936175
Input -363648 -888940
Query 977635 989421 -265310 87513
Input 463203 442080
Query -814567 -81327 685013 931916
Input 664425 304036
Query -710670 -639969 336566 398136
Input -947462 -249193
Query 700505 899626 203842 658606
Input -588882 -731251
Query 350976 426948 764713 998793
Input 777457 -470911
Query -838089 -394810 685023 778631
Input -73044 -950487
Query 43404 771495 91985 165789
Input -136473 85791
Query 181138 241560 -781147 386217
Input 117594 -963178
Query -183768 435035 -566678 -138545
Input -152435 -116188
Query -199471 495717 594775 954994
Input -977059 -220791
Query 345409 644291 580235 596744
Input 269062 767018
Query -251750 244912 -135950 482682
Input -175499 -751099
Query 146303 486634 -6467 485951
Input 81403 732346
Query -969772 183890 179408 343783
Input -431004 732714
Query -689371 194088 473977 697723
Input 786094 -282561
Query -519915 47672 714355 870189
Input 19413 889392
Query 345408 972650 -206854 649345
Input -232826 560084
Query -733670 350093 -813013 -101991
Input -190308 452936
Query -430008 -175156 -913605 489100
Input 599202 508022
Query -585942 535366 647075 736677
Input -651681 187927
Query -444786 197596 354242 716025
Input -573626 629095
Query -753972 43409 -89919 -81929
Input 839522 425955
Query -770918 -693488 -589351 218725
Input -130664 -290843
Query 163648 966086 116811 867547
Input -981942 -684174
Query -201712 577501 -62139 482016
Input -719148 -99004
Query -354048 602561 -265325 426793
Input 748999 65161
Query 609377 695258 -518138 16541
Input -94435 -379538
Query 57876 692424 205733 310858
Input -725656 581707
Query 544533 952808 834150 986381
Input 141817 846943
Query 723821 995105 -860140 846141
Input 55618 870866
Query -541659 -41664 -790910 -32805
Input 823374 907653
Query -664091 45521 557672 565517
Input -882996 692785
Query -159181 717073 80558 550131
Input -470170 -244400
Query 169040 552216 -923250 -890321
Input 378278 507739
Query -627845 754256 -652546 411679
Input 7153 792216
Query 641314 679430 21570 633143
Input -946436 -383303
Query 628264 736014 554293 571422
Input 826422 -216349
Query -571555 701043 -36316 30705
Input 483175 937729
Query 848841 953418 604978 657538
Input -379595 -94180
Query -465817 103062 327161 847014
Input 372626 93002
Query 890728 969591 971375 992727
Input -51245 -235880
Query 240029 322130 526959 598810
Input -46675 620614
Query 285623 889211 214267 692000
Input 562187 248409
Query -218948 376664 369623 369752
Input 957875 816960
Query -716874 415590 -419178 180483
Input -761217 -214930
Query 600590 694910 -701292 837727
Input 103081 705965
Query 593678 835637 -396873 266099
Input -36576 -416132
Query -996603 -801770 229723 393568
Input 701343 446732
Query -981096 -846729 994471 997884
Input -750253 500497
Query 138263 738584 -799306 152144
Input 510905 812533
Query -620417 -120954 334499 792184
Input -69237 -933424
Query -798424 854037 -351 95434
Input -75417 -734959
Query 648809 996491 -555543 -336120
Input 388073 326124
Query 481607 920688 791798 938240
Input 424732 314517
Query -219172 946443 577480 692053
Input -825180 -59213
Query 608793 712164 -782003 -198080
Input 355098 -322221
Query 301517 441847 378130 982042
Input 67877 -241701
Query -383888 525228 896461 899580
Input -860146 956103
Query 583550 787813 203820 891063
Input 835286 -602059
Query -717815 805616 658074 944308
Input 475666 32311
Query 957908 959097 1307 148286
Input -436245 -426753
Query 400166 967010 -618544 805514
Input -965222 -326690
Query -374067 984740 -293052 684943
Input 778347 -200684
Query -832056 402100 -957046 -364397
Input 455247 478884
Query -459075 591807 208241 555457
Input 543516 373061
Query 422725 455356 377864 930743
Input 379699 854605
Query 692315 929811 -724927 893538
Input -416233 523220
Query 166731 401261 606123 859921
Input -452330 -216324
Query 807294 809273 779129 976789
Input -104447 -890480
Query 939304 985350 -353794 -155531
Input 974289 882456
Query -933080 -596450 -424413 -361740
Input 914506 -601941
Query -950938 925667 533906 928860
Input -382328 647102
Query -308051 319679 376296 494189
Input -80850 -955611
Query -93092 976376 -742295 -451363
Input -779103 -52116
Query -151940 155647 -733638 -622350
Input 952979 -247874
Query -185111 305842 162144 523975
Input 532658 -330895
Query -866473 -55129 120537 568899
Input 379583 545976
Query -836499 96795 909712 964777
Input 134495 -40101
Query -826529 456289 777355 859187
Input -951760 -466832
Query 124573 520711 -686889 -402110
Input -615599 -71106
Query -576372 16001 94349 277726
Input 667325 -142413
Query -171685 360362 758747 824930
Input 170198 -600906
Query 111139 534377 -817532 -785741
Input -302656 -331281
Query 575419 694862 -421872 538536
Input 779912 764092
Query 327101 544724 -459436 793182
Input 665959 874120
Query -43559 903448 941700 972795
Input -917789 -489963
Query 777271 988202 853425 873825
Input 105145 -980376
Query -939141 652880 601362 793237
Input 636217 815699
Query -64386 935770 -739463 519764
Input -756181 347741
Query -428803 653007 -333526 860274
Input 321429 -104089
Query 448294 675009 -785074 851381
Input -199571 -538803
Query -905234 83932 -141403 -117344
Input -102593 -963118
Query 180011 524344 -616276 -144576
Input -102157 17979
Query -654842 23372 -349914 -284573
Input -169487 416912
Query -185736 481474 -904471 611408
Input 858511 -447355
Query -493296 237251 -801856 -5142
Input -556341 259616
Query -412876 793974 684379 891263
Input -524311 84994
Query -83208 812929 -52965 979194
Input 975194 755435
Query 95635 690930 -654417 -618652
Input 743852 820015
Query -356720 115656 31108 48339
Input 780303 -81287
Query 510468 909402 -991403 802037
Input 500055 529691
Query 670196 991891 -152214 354794
Input -959751 989188
Query -433489 -300944 -441345 198502
Input 26662 333068
Query 137777 692364 -530527 981874
Input -159110 -140782
Query -786212 -157491 -951724 176790
Input 212204 -410219
Query 659953 663674 795784 804494
Input -238772 -211101
Query -761351 179116 547545 990162
Input 281135 982270
Query -448098 -357450 -836323 -455621
Input -858373 -784342
Query 421447 627870 136723 553131
Input 515196 -288873
Query -58647 65888 -810374 -757443
Input -119330 52332
Query -952439 -273775 156863 490416
Input -600187 -810476
Query 424293 927802 673225 749490
Input -679978 -660248
Query 581868 621229 706123 912726
Input 748254 915530
Query -811259 -207701 519486 659576
Input 349451 -140561
Query -764465 726683 -737679 -219720
Input -914571 -755583
Query 78705 456839 58003 437050
Input -657381 -50536
Query 109742 188247 -604453 -511805
Input 248005 -906983
Query 841739 940305 -50657 361803
Input -861356 -412006
Query 607182 754277 -955370 -292281
Input -55764 -182998
Query 398442 492901 480919 626514
Input 712847 208897
Query -683546 435873 285268 724518
Input 732570 473323
Query 39064 853295 491761 685357
Input 142344 330913
Query -185458 809726 -213967 299827
Input -846403 319359
Query -45216 593424 593855 944263
Input 907694 803283
Query -134682 113796 -581983 287995
Input -242980 -481111
Query -666410 -57477 404788 818356
Input 382554 31799
Query 717384 955273 831757 994390
Input -236324 103093
Query -351775 674429 891516 919195
Input 716712 -176958
Query 691077 928725 -270756 504349
Input -505617 310031
Query 178836 716789 138174 216817
Input 201716 75908
Query -519514 466441 -547117 -392213
Input 280143 -191913
Query 324862 823690 432226 941748
Input 294236 -267904
Query 258272 930226 212277 747174
Input -47454 -791869
Query 363986 849415 -200993 70745
Input 661110 665056
Query 512517 989663 519777 615695
Input -44502 -865991
Query -670431 785770 -101413 826335
Input -670431 -774975
Query -773227 989641 -701692 -520689
Input 319340 -123298
Query -213442 533056 -896670 -51813
Input 519904 -668247
Query 370600 518077 -74324 524498
Input -736412 729449
Query 96739 460993 52164 415122
Input -622567 423899
Query 259099 849419 504065 569974
Input -396284 -174468
Query -541316 554157 576109 728827
Input 872018 897949
Query -758248 280001 150388 558361
Input -615820 226576
Query 989066 996531 692161 921335
Input -201773 -183218
Query 545801 600159 -673928 718781
Input 234926 767703
Query -894330 257131 -287117 197969
Input 355068 438522
Query 67512 804708 -538419 499528
Input 877626 -999025
Query 378881 705905 -121959 687292
Input 257119 49018
Query 829812 998179 86969 605096
Input 838625 133629
Query 402014 726876 -976548 -921457
Input -134686 382235
Query -213063 768805 78142 336540
Input -64212 812323
Query -818120 -436483 -651441 -40287
Input 274906 -176888
Query -622225 287112 113546 941862
Input 37446 -188358
Query 665999 796910 -246075 184489
Input -783777 -595510
Query -903192 -26856 548880 922973
Input 554058 -626057
Query 462738 940453 -658090 -290028
Input -629335 -516858
Query 240265 310903 613020 895395
Input -542359 897017
Query -524616 333221 -840121 -439073
Input -439558 858177
Query -23123 515294 -271587 -140461
Input 859880 855037
Query -683538 108583 -762286 -167794
Input -550768 -855866
Query -247613 -122095 710206 977487
Input 894466 540003
Query 63885 333171 -318966 169198
Input 126027 -937223
Query 939797 993933 586720 837788
Input -46462 -633096
Query 716837 953599 643901 679917
Input -794529 782776
Query 895051 932288 209628 774964
Input -629117 394645
Query 490869 563670 172214 320927
Input -139360 110477
Query -169158 -86267 -137069 987619
Input 554864 -420871
Query 66554 471288 -807992 -30131
Input 862236 592598
Query 274930 458127 691633 775487
Input 925944 -452496
Query -247485 683580 50208 735678
Input -892122 375363
Query 328558 550666 72034 783191
Input -801967 323990
Query 37998 970315 714100 808210
Input -954065 43030
Query 154288 780931 -212133 354205
Input -279178 -23619
Query 593400 950840 453033 721491
Input -317996 777843
Query -643903 546078 916397 949859
Input -468063 -329166
Query 645631 870340 -612228 182787
Input 606024 223234
Query 594617 599457 774393 892394
Input 187906 994299
Query 885829 975584 759817 765659
Input 672384 -39992
Query -111212 191642 -828285 124162
Input -604994 -526615
Query 316146 912813 -890966 113217
Input 179044 -960506
Query 285072 554480 -811164 99996
Input 765551 95841
Query 319828 787149 -149794 405051
Input -308205 -890766
Query -551469 -315286 -723724 147078
Input -499437 -144907
Query 224647 581276 -346585 -243055
Input 472538 -430793
Query -767866 -54857 733865 970140
Input 667995 221541
Query 501472 733775 457108 906679
Input 993528 -554307
Query -794611 -143470 -576217 -565565
Input -716092 -55867
Query -667338 811963 -351294 327742
Input -808287 -183079
Query 244063 313440 -377535 725443
Input -94408 295525
Query 971680 995213 709847 799653
Input 922802 852980
Query -997562 -55868 -997178 561473
Input -943570 -783036
Query 434553 933711 -347941 760556
Input -466581 -139309
Query 321329 537442 -117127 810370
Input 253388 -516041
Query -648392 863833 -562590 264896
Input -549739 327340
Query 871325 918994 333429 647875
Input -108386 845741
Query 549497 560806 486763 495668
Input -463301 362162
Query -186972 -86488 191475 245861
Input -584832 -323374
Query -180729 839599 -760518 -623019
Input -820853 648741
Query -489356 479582 -974796 449764
Input 620164 29380
Query 739890 824599 -24638 808817
Input -223806 731832
Query 463584 993720 974406 980698
Input -808386 315727
Query 202207 760572 630990 968437
Input -835658 -224074
Query -563187 336333 843971 902295
Input 659186 -406953
Query 665168 678210 715503 804556
Input -454002 880675
Query -637731 224433 992662 994812
Input 783961 -166536
Query -988090 307528 767809 898390
Input -670024 -574775
Query 829598 845985 868719 939938
Input 171378 -769272
Query 848532 851424 -440279 955997
Input 543939 817474
Query -904256 762950 -786185 874817
Input -519382 557968
Query -981114 -288533 414262 458175
Input 530600 435895
Query 755262 990411 943633 988427
Input 721085 107038
Query -632440 645862 -397124 -213184
Input -605840 -856418
Query -808260 219323 -489208 97634
Input -684385 633302
Query 599388 971289 184933 328484
Input -863599 594653
Query -814106 -241022 818181 907842
Input -288273 -701142
Query 72934 260926 -327451 771513
Input 267687 -122539
Query 953640 970200 -400191 540036
Input -973881 -833932
Query 969855 999005 -643359 -111540
Input 849279 45499
Query -547989 -490424 162081 613435
Input -932207 -140429
Query -206367 32096 24941 65763
Input -705228 146427
Query -290231 -229126 -318868 736296
Input 741730 -459020
Query -661870 376335 55383 685265
Input 197287 -976070
Query 656898 926267 940016 957859
Input -755334 -213193
Query 536925 956037 578188 644247
Input -145613 688044
Query 327162 940759 938850 982176
Input -230662 389230
Query -1532 412813 953421 988224
Input -74966 989711
Query -292716 -219906 -720036 970789
Input -391627 -225598
Query 233226 954221 254767 824446
Input 305685 754745
Query -873663 -699060 196892 716314
Input 899146 425650
Query 283883 710922 673432 773244
Input 706977 646484
Query 526121 634367 -248342 583417
Input 65873 -216995
Query 987966 995437 975904 995800
Input -51590 817912
Query -655834 917999 -587776 -59945
Input -826916 -377463
Query 362942 999691 -300095 -16632
Input -786825 -793686
Query -628544 489165 -927846 -448701
Input -183965 991691
Query 295587 767112 -665759 57565
Input -269526 124629
Query -931187 558863 286471 310949
Input -672621 -395891
Query -498556 268677 -258813 362806
Input 952873 -275406
Query -110640 799301 113254 934615
Input 605821 -296398
Query -39219 269242 -549888 -483910
Input -203547 -565151
Query 993734 998742 98745 480145
Input 966180 259752
Query 370218 705348 -281484 878834
Input 632650 517029
Query 661837 842835 -342137 -79522
Input -970146 35786
Query 345771 922493 118766 683576
Input -915093 630910
Query -718710 718470 991655 997679
Input -644301 930283
Query 382417 705920 -901700 474047
Input -547589 -308534
Query -849420 453724 864205 994665
Input -788431 80840
Query 709969 775656 781979 797542
Input -217627 734642
Query -263998 -60507 874503 995840
Input -836068 159374
Query -810969 -439604 712662 797237
Input 386538 207856
Query 440857 797579 767340 917405
Input 939587 774663
Query -643289 90983 272598 758429
Input -236528 -17950
Query 647701 852933 745419 776456
Input 96482 981662
Query -473121 738590 41019 603441
Input 39684 392053
Query 180439 631024 -351938 883876
Input -949323 -984391
Query -674763 396556 247937 479786
Input -507660 532195
Query 631780 993008 -459419 694148
Input 866637 21306
Query 736917 819132 472022 834718
Input 256208 -100025
Query 84137 564597 -551652 228069
Input -1419 259507
Query -182473 120672 659502 684806
Input 693049 276189
Query -204398 137701 85919 342560
Input 519465 -430978
Query 223966 987903 -575023 356271
Input -115584 -778169
Query 930901 950115 -535554 -485167
Input -403369 -637289
Query 833076 924535 288936 298270
Input -688643 -868281
Query -677795 324859 283594 985567
Input -179037 -18998
Query 619988 691870 223018 371204
Input 805941 -153482
Query -772114 744425 -680322 886061
Input 628233 -916306
Query -469442 545016 905694 939576
Input -382688 150579
Query 366558 407322 473397 553950
Input 306741 -587496
Query -799311 -137896 -639183 417215
Input 154131 -833567
Query 122244 433269 148352 918963
Input -302695 -26262
Query -398575 -178657 674160 961585
Input 321766 -891467
Query 944883 947155 227115 466740
Input 342980 829957
Query 628250 752196 239671 898457
Input 271346 777468
Query 865618 991018 828231 888813
Input 28253 163852
Query -244621 510559 512156 989052
Input 471070 -10934
Query 96033 620666 706175 899309
Input -630043 -719969
Query 756213 984987 73582 746504
Input 653165 748825
Query 544549 644656 792237 908534
Input 150467 -734985
Query -597183 -540203 -37687 472291
Input 479374 -230612
Query 787816 813503 125852 644517
Input -506390 748504
Query -82293 -60330 -412609 -344572
Input -662954 -326049
Query -226533 558310 449333 707643
Input 730095 -416896
Query -289716 301655 376525 532804
Input -255540 -755603
Query -508159 -98111 -553364 -526046
Input -227215 27830
Query 601428 983592 -340091 -215384
Input -324756 212615
Query -28803 892756 931333 949105
Input 519864 161618
Query 126322 442070 821452 958377
Input -430394 -94204
Query 649980 835745 -978769 208042
Input 68754 57367
Query -653404 619452 -591741 863907
Input 847003 -753645
Query -904951 -670332 92830 851332
Input -567222 -155752
Query -534516 -42376 -606349 -263771
Input -615276 -91168
Query 190115 998983 315664 648841
Input -460908 455078
Query -843041 323290 960282 980122
Input 892016 -20948
Query -408688 -123692 982174 996135
Input -238718 -451429
Query -687412 803387 979048 986550
Input 675435 -912284
Query 942699 985433 394822 595056
Input -950615 536732
Query -141482 522053 411659 514978
Input 513530 683690
Query -106541 332112 834495 886371
Input -223046 888988
Query 123500 359266 -413229 978916
Input 867201 -693783
Query -670668 994548 -692483 803159
Input -660810 -809838
Query 841740 849280 -814198 -724095
Input 787913 -800784
Query 428667 448926 -778763 508024
Input 487631 -184205
Query 374287 545704 624882 916832
Input -446780 -350334
Query -610218 242741 -340574 879536
Input 777627 394669
Query 925727 936261 -72499 326785
Input 339409 -538293
Query 923381 993537 -213464 -190897
Input 446621 -313954
Query 90532 750526 397092 986998
Input 580229 -518481
Query -26347 889392 662957 886054
Input 320727 -11107
Query 761322 795017 -559884 -109642
Input 817282 98975
Query -254865 -57517 -637068 -410664
Input 269301 480509
Query -434545 -263385 -410468 661447
Input -390829 67908
Query -658502 822723 -22647 328020
Input 159837 -605569
Query -452602 865924 663606 957209
Input -951599 -389312
Query 928121 975856 850402 858360
Input -279154 -548083
Query -259075 80719 94146 245199
Input 575950 394307
Query 116541 354284 468593 638494
Input -480687 -117361
Query 491057 770295 -165788 64686
Input -295180 279206
Query 827900 996872 43709 126730
Input 964052 309823
Query -489125 533301 -186713 99525
Input -763444 -826484
Query 148338 355619 -49064 987483
Input 537763 -229449
Query 512927 942728 -551684 813530
Input -677380 -474288
Query -877003 947948 48910 484964
Input 392942 781214
Query 126557 609891 -961559 288224
Input 783950 951589
Query -145044 -5394 -738487 -237831
Input -823475 -187240
Query -470674 152766 557549 763524
Input -951865 -331175
Query -278826 512328 -580563 993591
Input 39496 910545
Query -950488 639349 775709 915803
Input 485601 359764
Query -924443 -794504 -535234 430467
Input -323725 -149404
Query -108803 -10233 -299660 90400
Input 652852 530843
Query -701048 -445182 226140 884731
Input -755812 661
Query -279791 696186 475514 504257
Input 536828 595939
Query 425688 516143 -415774 951353
Input -237799 256508
Query 940991 994613 639780 686292
Input -976149 76003
Query -814815 862087 -322695 45869
Input 139488 -739276
Query -214146 757374 -766839 258684
Input 535041 746214
Query 554051 987225 -875861 -845130
Input -491261 -282963
Query 931476 949591 59356 400468
Input -470092 564678
Query 809577 823801 -868114 -852749
Input -363628 -439740
Query -593795 153800 661920 912473
Input 131305 497110
Query -9455 889850 -810513 -696838
Input 436595 -749603
Query -523318 -248829 -975278 508320
Input 772475 556640
Query -634082 287732 -839668 417117
Input -106984 289546
Query 857174 976400 -6048 632382
Input -990937 -191754
Query -116862 566113 -270661 601645
Input 998214 558068
Query 898954 956786 -942323 -735790
Input -97152 -509012
Query -145092 -12102 -804938 538328
Input -396263 -780777
Query 155283 670438 664840 920587
Input -456736 -522218
Query 353205 888438 510573 807023
Input -177361 -710946
Query -339057 385933 -45826 186387
Input -276224 -975963
Query -499595 245514 -588497 120475
Input -454861 -95378
Query -27565 450397 -579379 691248
Input -492424 -84301
Query -696368 -492830 -936725 -25321
Input 305179 190682
Query 807348 952327 584348 750490
Input -194141 236047
Query -768600 599051 -923828 -570977
Input 129462 -714201
Query 814899 984078 -639511 11426
Input -498461 -434203
Query -298539 303842 -786341 -281029
Input -585067 -512717
Query 131319 567588 -834393 530231
Input 76932 -789104
Query -674022 540138 97070 553588
Input -663900 296714
Query -332216 553384 836815 978862
Input 846697 235931
Query 303882 619462 272071 871715
Input 18436 718363
Query -989079 -9217 -85230 989903
Input 259806 253381
Query 240046 615396 -972811 538531
Input -75655 -125911
Query 540994 575242 602890 650796
Input 747081 482175
Query -288607 -262912 725304 815445
Input -831345 284011
Query 25735 747845 657845 963130
Input 655381 -978551
Query 375302 863517 -525503 654963
Input 135157 412221
Query -999771 -701781 -7901 241920
Input 283541 -981295
Query -202488 663637 243951 607603
Input 368174 651105
Query -359863 483716 833892 906524
Input -920877 -986087
Query -196446 -164078 492611 911549
Input -334763 18615
Query 968478 982502 -738847 753983
Input 314503 672938
Query -757794 892215 436589 531061
Input -954899 -297505
Query 295341 739360 75889 490626
Input 104140 -239561
Query -617002 254128 -496150 528374
Input 576986 -873469
Query 175745 749075 -342334 -145942
Input -919004 -765545
Query 514047 796459 364623 843571
Input 162799 -424891
Query 573372 573706 133309 498223
Input 690698 321707
Query 476333 823475 -731319 237893
Input 224939 -482865
Query -897739 -480646 -778151 282029
Input 605253 302016
Query -829170 -588583 -425856 821703
Input -697768 -380738
Query -981667 -752491 932150 995647
Input 442820 -832284
Query 67248 390079 -798860 128219
Input -647297 275217
Query -748837 645796 -62489 385979
Input 416650 982629
Query -724667 638981 -895881 -316901
Input 441017 999983
Query 415341 473133 -875432 941908
Input 918959 146736
Query -376244 496789 -67438 622151
Input 400034 944525
Query -43098 152218 -564474 396330
Input 717841 358617
Query -270512 -35525 583182 760194
Input -681049 72955
Query -575035 487443 970390 993578
Input -977659 403966
Query -752264 695294 588918 868555
Input 62113 416098
Query 70697 750499 460651 778984
Input -559913 695928
Query 994355 998570 -672212 292247
Input 989770 262899
Query 791645 808819 -870251 -235525
Input 365793 -320806
Query -847393 -215806 -151740 958766
Input -409110 110601
Query -441823 -123356 312143 412860
Input 518419 -950837
Query 320332 944197 624995 952200
Input 406069 -735683
Query 188052 907773 -78566 971792
Input -938517 -580324
Query 911314 966734 865452 896342
Input -646463 -701014
Query -208739 412577 429409 938681
Input 245243 763451
Query -457791 667561 -665489 957127
Input -670860 -911047
Query 460398 536738 677478 854180
Input 471904 686274
Query -766407 -254411 203335 524659
Input -671191 -242498
Query -572624 -49801 85768 871612
Input 656466 -677939
Query -521141 304100 427435 854447
Input -952230 714657
Query 372194 944933 623503 831073
Input -84899 674510
Query 978094 993873 -91530 538609
Input -545602 -570847
Query 224921 995891 -482811 -448887
Input 864554 665359
Query -627198 287015 -492600 620126
Input -277164 -258509
Query 484930 905993 -776532 189156
Input 215252 -706402
Query 961617 981416 -625234 568982
Input 394042 109532
Query 237063 864459 706073 945250
Input -472506 672629
Query 725426 922060 -255896 75197
Input -2271 541455
Query -74640 962052 148438 473026
Input 881365 -220629
Query -619699 497189 955312 963166
Input 652896 -418544
Query -350895 706210 -663889 -392124
Input -229655 -480621
Query 158545 440435 813101 923871
Input -748585 -538588
Query 260691 825334 555490 715522
Input 138540 -108219
Query 367930 961197 -286675 204413
Input -330004 -3389
Query -912172 -754463 257409 718761
Input 863688 844348
Query 871993 920934 504023 606548
Input 620339 218775
Query -115614 956496 -936783 -623775
Input -738144 -760995
Query 55441 193127 -589934 -565459
Input 244838 480304
Query 686179 829134 452182 658277
Input -932253 -342076
Query -519839 15653 675385 834205
Input 867568 812159
Query -924980 -480663 994507 999011
Input 587225 -172498
Query -761566 410769 592519 616153
Input -171130 -766358
Query 643595 713033 824218 930278
Input 714161 -811152
Query 989149 998071 26541 245543
Input 695863 220957
Query -644201 -153946 -366341 99453
Input 215073 -484733
Query -705462 572679 370471 867327
Input 320862 -885025
Query -281652 996132 -862241 849196
Input -804183 -170180
Query 355064 744871 913972 944283
Input -891121 912971
Query 809388 849824 167871 238508
Input -360119 -687859
Query 768192 867022 -41875 49057
Input 119265 502612
Query 212015 618507 -831819 969800
Input -116219 732768
Query -598363 500182 346721 772090
Input -41735 -683048
Query 350132 627504 38003 828477
Input -482381 -899071
Query 484529 989738 -994547 553743
Input -224199 -1254
Query -154810 704089 -778509 -238445
Input -211979 92101
Query 172918 768691 -69438 205768
Input -26901 -553847
Query -94837 182520 190390 878084
Input 608665 517862
Query 859234 931736 -868496 -477313
Input 361953 968433
Query 344289 554894 -798513 200156
Input 60903 -524160
Query 526530 674374 -616525 706168
Input -51088 582277
Query -507395 896450 798012 943910
Input 308509 -891418
Query -275329 -256103 829974 872153
Input 87434 951175
Query -692334 214482 675644 999921
Input -938146 847101
Query 647189 713081 -39599 362936
Input -755728 -877199
Query 647839 750214 175018 914133
Input -372191 955945
Query -517201 188790 793236 856198
Input -676719 -617278
Query -679520 153065 -309625 -195347
Input 928564 -4098
Query -27526 387123 241816 896520
Input 532034 -588484
Query 172944 596847 -14756 963048
Input -592978 -430715
Query -330960 739274 -366815 92291
Input -608309 -694686
Query 272258 433633 -196789 725901
Input 691658 -383156
Query 699201 739506 -728706 -298712
Input -437192 -321036
Query -837090 -566230 26981 919371
Input -105095 -134753
Query -980327 -663689 12728 727660
Input 113839 476036
Query -270372 665197 211850 214644
Input -742609 50620
Query 498923 998047 -181128 203392
Input 974444 -869451
Query -794822 -747665 -381558 -114152
Input -973540 474074
Query -611809 -576768 706828 927024
Input -547777 -846899
Query 255729 670108 -19638 985575
Input 551490 -39327
Query -134949 583261 586684 878877
Input -583307 -104336
Query 44473 129683 -401389 253831
Input 383452 -730737
Query 394953 848347 837000 882602
Input -980144 927158
Query -890269 764288 -110960 415383
Input 131468 735165
Query 7866 276103 -371343 215734
Input -431745 -629724
Query 654556 701346 718517 812781
Input 308480 910747
Query -6720 705588 992281 999833
Input 569176 275210
Query -811141 -374445 394088 950581
Input -140830 599583
Query 934062 999491 396582 530746
Input -520329 444093
Query -626346 -298388 -660891 256805
Input 258823 -368445
Query 939693 996574 877065 888788
Input 305002 -120628
Query -700257 -155270 233664 581686
Input -924375 247127
Query -177634 -14291 931017 995504
Input -255556 -515217
Query 637493 999822 -578350 551231
Input 670715 946523
Query 160988 239779 -334616 611498
Input 996815 116264
Query 885858 994110 678441 883023
Input -906374 303401
Query 498526 876837 -146370 842075
Input 30507 -483759
Query 136363 932875 412570 492672
Input 813052 -31190
Query 317145 364420 827155 892571
Input -216076 -559314
Query 257102 610205 846610 958091
Input -612586 232421
Query 673361 861226 489024 494721
Input 946662 756294
Query 300651 537110 -501214 450615
Input -381419 -59596
Query -481546 921464 309964 348408
Input 930930 -220147
Query -897327 -859839 -192372 190410
Input 905930 636338
Query 526119 911683 -628664 -625986
Input 534140 453861
Query 685272 885751 -446777 340128
Input 397090 320409
Query -708994 985561 438182 535719
Input 215145 -445030
Query 165214 729814 -184067 170671
Input 673180 680232
Query 796026 880136 -248330 -151473
Input 762412 -970286
Query 242808 862644 548889 798147
Input 810378 -947620
Query 768945 779941 292838 698533
Input -222861 645651
Query 349825 422069 -997201 139528
Input -940549 581984
Query 206836 331205 -133698 255322
Input -251105 -145582
Query -271352 681717 233042 449171
Input -316683 543417
Query -396089 -50617 11114 96344
Input 895240 681591
Query -853245 -271605 236476 609914
Input 769711 -604469
Query 146735 840231 762171 914589
Input 663791 46414
Query -582591 822550 -498325 680818
Input -555058 -304561
Query 481950 875437 471066 700868
Input -88181 -839072
Query -839483 -800910 -997273 -660843
Input -713199 -48358
Query -460592 535375 -339530 -276962
Input -81957 -165574
Query 80080 191855 -438227 175438
Input 134482 253896
Query 744710 776925 -523557 694562
Input -704789 -951743
Query -376934 506409 -436542 690144
Input -276212 692038
Query 141698 325633 402574 758946
Input -792844 -472682
Query -23170 209348 319220 994552
Input -442207 535977
Query -627500 109924 -405285 283415
Input 539608 135024
Query 538523 868508 -904486 -248012
Input 317175 640844
Query 639407 987419 -303392 937126
Input 428760 -959674
Query 25679 267957 731827 979989
Input -258779 -978091
Query 839728 853736 -196618 598241
Input -885095 780943
Query 502092 624549 120567 392032
Input -798647 -172689
Query -208716 640021 -331562 -329041
Input -140217 28406
Query 303906 398827 545251 868403
Input -517271 3765
Query -235590 570955 -198158 524535
Input -491546 970574
Query 314467 633294 317908 379584
Input 51884 507712
Query 33598 970137 -662700 722463
Input -65909 980074
Query -192063 146303 -105190 135961
Input -285785 -615654
Query -235466 192741 -428961 156590
Input 144033 870474
Query -608325 286400 119677 970909
Input -473749 1973
Query -167025 75553 818197 921157
Input -903260 924413
Query 905989 959340 741589 782989
Input -378899 -664063
Query 285239 489982 -372635 -13385
Input -575122 262075
Query -472212 659970 -685510 457594
Input 863720 490203
Query 325470 854093 -275224 -234605
Input -978694 -712267
Query 201784 497740 -663768 -4405
Input 122353 -971670
Query 100051 896223 -7005 807761
Input 224653 -39359
Query -10789 989206 985165 988527
Input 817612 461822
Query 918682 928233 557331 598180
Input 202821 926703
Query 194506 553923 -611239 359053
Input 135747 -589024
Query 485002 635541 -63281 695661
Input -981851 80172
Query 796557 894050 -474170 -155269
Input -705085 -144686
Query -471882 154069 -258097 64221
Input 722006 22465
Query 40039 328866 -335089 928554
Input -296977 772606
Query 623043 774194 885684 918570
Input 105595 -323301
Query 937339 954825 -231725 -177456
Input -307150 -969972
Query 14541 941032 -375645 87433
Input -868253 -477075
Query -132274 248337 545369 680999
Input -406626 -757076
Query 530188 806894 -686527 -141314
Input 845379 -881904
Query 794613 850780 868734 879844
Input 522388 -93111
Query 358667 535075 160155 826779
Input -617689 -983256
Query 610644 743609 595025 835448
Input -847229 49100
Query -802899 -156370 -28856 369007
Input -35278 -254445
Query 210927 222811 43754 845651
Input -703663 -740544
Query 223078 500791 -926566 873859
Input 33595 -283368
Query -578450 756286 267707 619698
Input 104165 -734025
Query 377836 913694 -652103 850960
Input 747992 -53234
Query -161325 612353 -806883 -75501
Input -241718 171893
Query 79641 797971 438714 582049
Input 637021 -267636
Query -820167 -81274 -76613 -6039
Input -688107 -64298
Query -29749 642329 255874 479739
Input 849824 310516
Query 274427 915810 -751894 -601408
Input -620808 -893971
Query -544979 49885 423652 684123
Input -542723 -50603
Query 432347 646019 596466 802234
Input 87196 555663
Query -597850 551469 71904 132688
Input 20432 805807
Query -382902 -197849 144799 624515
Input -494920 899297
Query 668687 696048 127275 724236
Input -416686 160389
Query -376163 320093 918230 992397
Input -316011 -701216
Query 553732 618934 519899 732948
Input 648684 -3543
Query 269737 781922 -226804 347324
Input -675048 -109848
Query 875517 953374 -458829 635089
Input -15872 -412160
Query -551178 980856 321618 729498
Input 489792 621227
Query -141546 14721 -691729 135431
Input 842705 757594
Query -894150 690310 931852 935518
Input 497137 454316
Query 34674 532663 12697 34645
Input -144582 -453902
Query -57879 141120 961992 999362
Input 391961 164828
Query 16305 156046 -745295 286490
Input 485517 -935045
Query 556013 570857 864314 900554
Input -678885 -575128
Query -891246 818053 8196 183283
Input 821449 540945
Query 138608 634362 379665 868035
Input 785317 -111410
Query 240465 639932 -64272 471685
Input -422742 386610
Query -974936 -409054 -99152 969894
Input 789720 -616608
Query 329496 651577 974148 988977
Input 445940 143379
Query -439727 334845 671630 848987
Input 846370 810012
Query -842369 279910 98475 105505
Input -552141 -44806
Query 876583 895408 443119 760357
Input -875114 565422
Query 89905 954105 -701657 -696945
Input -319336 992113
Query 142715 544810 702455 893360
Input 609745 995652
Query 813190 878424 -662584 -540291
Input 37264 721548
Query -240498 702345 -685102 547731
Input -10162 244437
Query 140056 339356 -890550 -540735
Input 77226 27488
Query -443641 92460 140482 566438
Input 685059 676827
Query -730434 -657129 -531309 -313663
Input 779132 -648167
Query -401214 174249 -270272 931838
Input 503480 446683
Query -920815 -701134 -381075 3519
Input -514003 -721838
Query 677554 893920 890504 906518
Input 426540 -553647
Query 395435 495663 -33562 197292
Input 529803 230380
Query 791782 916633 -725796 -92215
Input -7086 -107833
Query -597521 537495 -131015 787986
Input 201852 836772
Query 584999 601722 361869 833750
Input 696907 900599
Query 593051 772041 -782841 375963
Input 646565 470401
Query -449016 736080 158199 311739
Input -131079 154424
Query 757376 925358 -856798 -833103
Input 716159 378520
Query 610551 865622 337675 899138
Input 560824 -241007
Query 904652 948204 246150 350729
Input -732050 -655477
Query 547805 868236 1370 634815
Input 751423 -419188
Query 968668 969121 -252541 477585
Input -478812 907616
Query -672185 542971 -64521 666766
Input -325452 15340
Query -721835 -200199 156187 281558
Input -879078 -242891
Query 769685 954880 -373363 165659
Input -252805 -338400
Query -800964 965863 692659 897708
Input 114658 -359010
Query -298932 462263 -892350 -181111
Input -83186 938701
Query 559784 949365 -994219 -53775
Input 870438 -115816
Query 825606 895827 -448136 214276
Input -814514 -36185
Query -431735 181481 -561417 959533
Input 867374 -44023
Query 637041 702770 361183 809123
Input -591465 -401225
Query -914739 -424179 735269 767551
Input -4461 -780597
Query -329576 32608 954281 977843
Input 220284 -726550
Query -50147 -7632 -908373 -391844
Input -795883 68773
Query -982152 -102505 254416 422122
Input 694077 899870
Query 390341 421917 -555072 -442685
Input -586203 -475545
Query -637674 328517 335834 945168
Input 769084 607147
Query -340697 976198 806465 821694
Input -9394 995050
Query 634601 928008 -716696 -521012
Input 28309 -647639
Query 476522 613454 -432581 -190556
Input 872215 -397558
Query -556459 -240223 202143 839430
Input 701568 -586467
Query -189288 -77262 988562 995939
Input -528240 -689102
Query 527574 748697 757995 805348
Input 148269 125702
Query 910483 976671 752391 865438
Input 563931 212362
Query -761332 712820 -575588 500285
Input 156325 -421309
Query 660578 996535 -915783 -382869
Input -688357 510311
Query -288457 800776 -601479 -575786
Input 112835 616504
Query -210477 373966 801807 808092
Input 357088 190013
Query -610689 -338630 -681064 396248
Input -704308 -351147
Query 120599 879499 -15345 652217
Input 250304 260966
Query 353968 628252 970814 977332
Input 352302 -151410
Query -778286 968071 -469477 363111
Input 548438 920369
Query -144098 635281 -346907 129195
Input 462784 -672026
Query 881021 890390 -217734 597105
Input -546178 958615
Query 703810 731284 76919 728445
Input 674639 -600432
Query 125037 728563 -778747 -309609
Input 581872 921492
Query -272290 -141435 -265407 -172546
Input 846843 547596
Query -453224 978429 -912540 -70825
Input 197519 -243205
Query 207004 475361 927331 989003
Input -877980 -411949
Query -486 556883 -6627 258606
Input 738754 -833686
Query -405043 999802 -181779 999243
Input -742990 230928
Query 802562 999196 462248 857626
Input 679133 -167799
Query 713013 869333 -378169 957531
Input 790891 -332928
Query -778015 503277 -706556 292483
Input 961528 -456543
Query -769920 538125 184009 248032
Input -413382 516589
Query 259363 685287 -695396 421205
Input 492790 -56304
Query 216629 255066 -562375 -134676
Input 424286 430096
Query 677781 903746 688548 735582
Input -83062 -833811
Query -858314 -458958 -179422 827483
Input 171008 -134645
Query -860698 992555 844073 981835
Input -90710 84467
Query -530205 -167178 6827 456055
Input 885880 -495441
Query -170397 874480 -234727 150604
Input -803743 544065
Query 763944 876365 -831901 180859
Input 189044 265613
Query 516937 855579 435038 794826
Input -396418 -842440
Query -397997 117524 -83778 121773
Input -537639 511793
Query -231504 -97749 425118 826465
Input 227752 -565276
Query -200510 54510 -240710 622456
Input 214461 -655071
Query 291719 520956 277679 388667
Input 717240 -594368
Query 202445 460664 73759 103418
Input -37707 352679
Query 348305 438930 -133381 699437
Input 720403 -790245
Query -676583 811948 112989 435772
Input 558084 684648
Query 354141 575166 957739 966214
Input 658859 -780409
Query -12990 995659 859362 891917
Input -740316 326230
Query 323953 750103 -332732 478315
Input -896594 469085
Query 509055 754862 464753 655002
Input 218366 -694580
Query 639521 939966 410725 712916
Input -520818 -414593
Query -633270 323517 698338 947221
Input 727706 -500040
Query -930799 107872 -475364 666117
Input -690459 619898
Query -401170 -288965 902422 940883
Input -304348 226287
Query 565102 841311 971374 998160
Input -804295 734236
Query -891608 803586 -412307 -281809
Input -445044 -430182
Query 986015 997921 -593516 -446062
Input -56902 -933240
Query -188374 955493 823596 924580
Input -351674 207948
Query -327527 275314 -763089 288681
Input 214100 460082
Query -750131 286228 220651 995954
Input -98386 482801
Query -913861 -628555 186560 383038
Input 731181 -594495
Query -721923 -607109 -267564 257041
Input 174328 663450
Query -556290 981146 116706 444698
Input -120240 -826998
Query -191390 588679 120715 514767
Input 571571 267188
Query 965948 977344 -916246 -662812
Input 803365 -808668
Query 608103 668576 -665095 44192
Input -631785 530582
Query -259973 156845 696185 702893
Input -851299 774145
Query 850408 934354 -399579 220760
Input -347988 547827
Query -404060 -218058 -157606 155032
Input -15092 973479
Query 846281 931465 -977009 492733
Input -167122 950096
Query 303750 389792 382994 466753
Input -856346 -382307
Query -39945 373284 -752131 890793
Input -632617 -223621
Query -858229 58524 -226877 15491
Input 58618 -246367
Query 456360 976651 896859 947869
Input 503311 362014
Query 764948 800287 -576944 -494013
Input -915593 -25142
Query 748063 917012 744806 921743
Input 310685 -924159
Query 617138 978468 839137 882894
Input 953255 -395123
Query -48582 986851 -981227 -587142
Input -564153 -511056
Query 562751 884405 949771 987331
Input -564528 623818
Query -446612 -347577 -625727 211034
Input 675909 381319
Query -102193 110049 165400 320070
Input -403622 409921
Query -217515 -47569 916707 945314
Input 720999 458370
Query -841924 -349212 -592974 -41251
Input -250270 -22907
Query -2942 179616 -155286 734821
Input -128270 814213
Query -441446 -200958 996171 997175
Input -474591 -559523
Query -13910 317738 -97764 629896
Input 658286 -796050
Query 712904 919062 120854 881584
Input -847877 -544614
Query 495564 691982 407476 989799
Input -756965 741115
Query 473353 492931 -771906 -413220
Input 375340 448731
Query 345775 868571 918167 967811
Input 993486 236163
Query -576196 495249 170619 528718
Input -977023 388313
Query -980857 282458 502522 648760
Input 396631 778737
Query 182091 251899 398574 638856
Input -480861 -651653
Query -135298 342858 -941094 -198038
Input -261994 -312547
Query 420290 571748 -598080 -348206
Input -370800 441439
Query 453033 859200 -343761 572673
Input 448867 739795
Query 588344 915598 -67928 373277
Input 585718 600991
Query -140693 254528 553013 669911
Input 714999 438197
Query 423191 546675 -967342 -124883
Input 863401 187835
Query -732621 -417748 -186862 372051
Input 205131 -529850
Query -423757 860588 11893 51354
Input -313802 -118112
Query 404167 929350 -240496 957209
Input 779284 -748088
Query 560331 562709 -460744 282451
Input -30949 223102
Query -696436 626208 -604951 963982
Input -605396 56751
Query -38674 313078 -804059 -455727
Input 838830 -989359
Query 727068 867153 279320 992610
Input 330566 -718168
Query -425178 106493 130796 534994
Input 741260 -376857
Query -323388 -309588 574145 804488
Input 997327 -265785
Query 665238 822880 -180930 551303
Input 461002 -822805
Query 245634 478505 -560947 -283558
Input -624859 -804659
Query 141322 676393 -972094 845281
Input 799008 47322
Query -116290 375651 -56704 144697
Input 926079 -173071
Query -289671 42596 -837900 110422
Input 775816 -942672
Query -16054 807770 616059 951579
Input -185206 848132
Query 829448 930134 -945274 -9401
Input -889937 -586511
Query -566809 318185 -47911 979821
Input 598827 68196
Query -21897 418410 252561 613124
Input 992230 -501377
Query 940941 967819 -929261 -131324
Input -642983 806289
Query -676649 73971 74980 852477
Input -452826 -792332
Query 153237 637958 -164621 -93883
Input 533403 -671694
Query -915980 361152 112017 487030
Input -708634 -573798
Query 77567 798158 531037 792106
Input -499028 -880360
Query 236932 879941 -761066 -740456
Input -536117 306166
Query 770767 916500 113258 165185
Input -434016 -490527
Query 354290 714592 -414030 456394
Input 264858 -549712
Query -643552 -3642 497405 702799
Input 279323 496982
Query -301343 -98382 69070 496059
Input 567298 85849
Query 922956 980210 -731227 728267
Input -974253 -382780
Query 689595 787997 993149 994031
Input -262874 -633584
Query 531794 888712 -58640 140735
Input -598811 436901
Query -337571 -96991 635744 779747
Input -408542 -18383
Query -180752 674007 -818055 860859
Input 575834 150273
Query -562923 363094 -826348 218982
Input -316457 525793
Query -343745 97381 -601240 736372
Input -538862 586780
Query -653324 -52338 430488 933028
Input 527263 -330184
Query -825888 -383878 891581 969750
Input 156130 376409
Query 818274 834608 -886694 38217
Input -146839 364538
Query -741007 169401 -183012 213314
Input -891793 375696
Query -205100 953744 -888017 -69855
Input 207965 -651488
Query 761456 792065 -824978 -593440
Input -501897 414417
Query 374748 955136 123090 267313
Input -295437 -371429
Query -812460 237638 106961 495920
Input -523081 -233805
Query -930359 -717362 133714 668955
Input 119361 902858
Query 920258 948629 -338701 420854
Input 359670 -972777
Query -664454 319767 273539 506511
Input 518092 -518325
Query 73269 697448 -830187 492646
Input 749840 -283403
Query 199462 898088 -199284 419933
Input 436366 782243
Query -425802 545015 -261514 -220383
Input 947212 782398
Query -145517 -74234 589298 864678
Input -257828 307764
Query 327158 575866 739445 930147
Input -400392 680970
Query -202396 936519 -463847 672460
Input -964963 -581268
Query -398574 924 -448148 -282743
Input 882681 946392
Query 816203 928443 -159879 83656
Input 473550 -698720
Query 310554 566515 -310143 173988
Input -265002 -770854
Query 179109 800202 41113 367329
Input -814538 461670
Query 116612 708497 975652 977086
Input 631697 177209
Query -361567 -150229 370413 432269
Input 865901 -925758
Query -569702 111365 209805 993463
Input 932192 535098
Query -167070 900991 -371973 186680
Input -700288 465076
Query 901376 959730 -907199 657031
Input 410790 -654803
Query 503661 937788 444648 971334
Input 490011 469943
Query -510435 -182196 -484215 616122
Input -914443 229135
Query 767565 899032 -738423 849100
Input 745244 -558841
Query 992777 993169 -405536 101375
Input -445538 416486
Query -415625 -252244 -771501 -392550
Input -948056 -110359
Query 619680 936557 349198 659636
Input -547755 825397
Query 559982 926123 887638 985101
Input 132450 -338689
Query 884949 933796 -71545 433961
Input 30996 -692974
Query -891880 -442955 329019 537630
Input -104911 -690272
Query -367719 594106 313184 410512
Input -100344 639790
Query 677669 808507 -701532 -484556
Input 42983 -319358
Query -827453 252649 -268284 481963
Input -240600 -49577
Query 619645 744635 587884 993246
Input -655837 873493
Query -133320 386149 48650 120433
Input -945597 460765
Query -885872 -165271 99401 202938
Input -169628 -586484
Query 687587 896256 -67159 966515
Input -218006 60338
Query -380942 441520 -102141 863396
Input -53579 758233
Query 82982 910555 247810 480792
Input 414898 48304
Query 789876 857677 -845649 -42118
Input -757904 632248
Query -715875 966746 821574 901233
Input -563826 -58451
Query 366841 767423 549281 959950
Input -211338 -898
Query 643779 793255 -469611 -189483
Input 74007 182323
Query -696 808679 -118859 580579
Input 407657 403451
Query -420901 -278315 653627 730538
Input -144015 -256925
Query 418576 957458 -462831 384414
Input -80323 191111
Query -694222 123041 -624262 -498897
Input -436690 -909882
Query -188198 661045 910625 965388
Input 146399 -321883
Query -40921 168885 -247736 194592
Input -658500 -552079
Query -852354 452862 -901224 -466748
Input 865554 930496
Query 412417 534978 170535 817882
Input 284216 714417
Query 971762 981976 113913 844897
Input -745599 -88253
Query -876106 -593407 24212 141132
Input 656408 803927
Query 515873 814294 -399733 641452
Input -592165 187601
Query 68574 477506 362095 550861
Input 453253 817869
Query -531373 328398 -685441 549929
Input 879825 903730
Query 118495 707804 931333 952546
Input 438931 -487626
Query -635228 437050 -886054 344623
Input -964189 -550149
Query -450030 749080 -783747 735443
Input -702252 231569
Query 479661 932123 550276 883205
Input 351973 -766803
Query -754366 675329 107999 545979
Input 749817 -193077
Query 558071 782211 -642394 -162606
Input -85070 -784938
Query -601406 -99983 656706 665358
Input -184471 322886
Query -350948 846820 -448371 542809
Input -959547 -496277
Query 20171 607843 -364940 729755
Input 736395 719066
Query 49004 818237 297040 924661
Input 593579 -127177
Query -604634 323368 937065 939554
Input -157561 975690
Query 79304 623912 -210731 935057
Input -996063 -825715
Query 545529 772041 -276262 -219942
Input 115236 -979706
Query 312219 981688 932880 995502
Input 719479 -325323
Query -952391 307120 418398 846577
Input -694746 432819
Query 606176 984977 -517901 385634
Input 909278 645459
Query -464152 -398752 -840296 739612
Input 131037 -787175
Query 955374 971480 471834 566396
Input -879119 208486
Query -509310 -260222 153919 723025
