9141
9402 87437
1839 78542
6216 92706
5177 36322
6507 52624
3139 18907
7346 62668
9857 55032
1017 97314
6211 88263
4728 94405
9566 40722
5677 59347
9003 37245
3962 103043
9164 80049
9912 46072
5612 88027
6159 24532
1188 23913
2436 44506
5785 20512
4069 12012
3305 83852
2762 10842
7092 22933
2808 10761
8112 20576
7969 41831
8570 71317
1484 12255
7975 20309
4693 23859
4305 42300
8867 66121
3459 44560
4107 6358
4602 24520
2146 4564
6036 76390
1167 36034
4097 97645
7919 42284
6816 88113
1711 18483
2224 24545
7573 41643
4862 12907
6749 12076
9163 38086
750 13321
798 80802
3340 99047
7693 47395
6139 26405
7690 46301
5274 90219
3543 18458
5347 30455
1759 35702
9885 24015
233 16189
8992 102906
6885 84134
1673 35315
7972 89419
1241 17916
1595 98193
961 7727
1890 8965
5481 50692
8139 74032
9740 76745
3257 44499
6403 68382
7979 30102
287 28146
3734 91716
3006 25668
8198 73798
7229 21125
590 56188
9044 98341
5997 11164
2081 59240
9791 91088
8218 97212
5906 45930
8828 101716
4610 76310
8864 49731
2096 2463
8264 98119
9854 97875
6507 42929
5437 19528
2226 12144
863 24086
4289 78674
3534 87942
217 93954
8424 50459
6520 104399
1710 32751
882 42696
4954 57700
8621 98550
936 80382
6418 13983
7096 67858
2611 11854
4352 86222
5132 96083
7417 33438
7420 63330
9373 72254
9990 40660
5183 38517
5238 79262
5326 53583
7978 56176
6567 30079
1963 81144
2707 8102
6668 99048
9723 47451
4060 32303
2354 85341
3374 94081
7531 54107
8781 77757
105 77043
4380 46975
963 81493
2804 76655
7364 29748
5422 52439
5588 48386
5494 74960
136 10195
9215 103957
6009 21781
4743 8587
4417 69219
8714 58432
23 38608
8412 11953
9540 47689
1450 59153
4436 88235
4202 11296
4813 82256
9917 83386
904 31223
9501 35775
2375 17453
7919 102268
417 38872
2328 65837
5931 59297
7201 72729
1806 51176
8728 62295
2645 40034
1302 15857
4255 59733
8635 28646
4122 37005
3560 66356
4181 9959
6327 33698
9976 39096
7107 56360
2276 10843
1759 90807
2470 59863
3076 77148
2703 44566
2379 17913
1119 26473
6690 49409
5365 55353
5820 84715
2705 84194
5607 73413
7555 77182
628 4139
4372 35382
3004 8960
1815 56323
3363 39061
4005 58720
3561 18055
4736 5294
9201 35862
6155 10557
9906 78667
8546 83318
5869 36633
8119 104464
6202 67955
3761 64040
4851 18275
409 50734
1764 92151
162 80018
5500 98189
5578 23839
8949 64332
8456 47824
3989 38437
9344 27134
7171 69459
9608 29962
812 95350
4520 89383
5222 5460
6301 81485
9260 95748
5138 42099
8459 74368
803 73548
2748 96670
9339 32284
1007 96509
1459 89752
3853 10977
9265 108664
7766 99538
9937 56181
9505 36773
180 30731
9602 84748
8902 43966
9101 100606
7692 43715
9037 62533
3682 55640
7089 58762
3170 77131
4200 82086
1015 17457
280 36848
6137 36980
9530 19322
8298 101133
5815 9963
2493 10166
3415 75385
4091 21799
3268 6471
344 5894
9884 60282
3700 65021
8262 105398
8429 100242
8169 16722
2326 8131
4637 14507
7260 97375
6173 90690
9895 34389
8375 86317
6353 99543
2926 97062
8004 38522
5368 102692
1093 64506
9381 20973
4180 64690
7698 33199
3552 77702
4381 76979
2638 47937
1064 50041
8712 20083
7673 67602
7234 32908
1344 58155
9451 43956
1865 9578
4943 10575
3476 24951
1569 8167
7207 83379
4031 75444
7569 63124
7883 33032
1769 95322
2473 91111
5789 41224
8154 15574
8741 54308
2786 54656
1804 44582
8811 83558
466 57314
4948 101434
3175 37650
115 56415
3681 62136
140 85815
8663 38812
2200 94794
6433 65339
6782 47018
2630 49262
9086 80363
3633 96286
7513 95222
636 98741
829 93598
8233 79857
5369 79591
9828 83117
685 37694
5823 92139
1688 96606
4883 78062
6200 13403
7087 37469
4053 16302
1077 42879
6346 64112
8567 21732
3109 94909
3205 98857
2518 43169
7890 77983
5563 102194
3664 58230
2862 39244
9202 50749
7877 38437
5536 95429
8622 67584
2372 98854
6489 104906
737 9124
2368 97368
4450 74332
7469 7558
59 11087
8330 31926
6666 61751
8281 9993
5762 53115
1962 16258
3386 102920
4837 101082
8609 86994
5030 34383
6546 103921
2284 66217
393 32501
6641 40532
8050 23850
7513 8623
5695 29074
4102 38051
8419 59783
1266 68610
2011 4873
5172 70397
4096 27732
7696 97490
4219 34637
1192 38383
6005 45894
4329 47486
1643 71177
5 3788
81 86165
1142 53813
1323 97808
2611 98774
3192 10583
5397 83215
6393 14413
2740 66652
6148 49708
6116 16970
9201 67367
3484 12618
7963 38856
4935 30884
2346 96807
9654 10676
6356 29727
2260 91857
8895 56634
4908 80218
6300 95427
7770 23636
411 97001
8507 85777
2721 101866
4386 8394
4327 64750
700 23291
935 69034
5864 97684
2542 42382
913 11430
4756 79552
4756 75346
9873 86809
6025 75510
6369 11246
5462 97665
5370 44683
4550 72363
3854 33571
4788 9531
7928 76278
902 34340
7910 76098
6380 37975
7800 38149
5644 14221
4943 29881
8269 49752
8496 9628
9205 28587
7661 10980
5553 104601
6846 27178
8790 31519
623 91069
1661 64816
6056 102655
2214 51292
5557 11062
4613 40244
5822 83796
4165 41680
1796 11717
1050 75843
3763 17379
1694 56451
4749 27696
6934 83974
9608 48224
2491 85805
9661 94251
6573 7612
535 8802
741 33368
2464 98269
344 47053
326 84183
6626 13615
8460 73930
8760 54044
7859 28648
7291 19740
761 95466
2481 75460
3797 86814
8646 80918
6941 38217
1057 86900
6353 32878
3763 47948
7487 105627
6114 88316
2445 100574
4438 74922
6002 101421
3139 8045
4296 70471
7985 106513
9298 103833
3100 73793
2797 7296
141 43260
6344 104106
4361 24186
7909 71757
1097 7748
8364 105569
6848 82935
8798 94034
4477 42823
2369 53439
1356 75261
63 53857
6291 86545
4692 43913
2493 66747
8049 37848
4690 30844
2653 74321
3099 100671
4511 25327
2389 97284
3834 47023
4790 62188
2851 31244
6531 102606
8583 37942
5707 79428
9798 98765
7496 56245
3400 100245
530 52830
9618 42331
4678 87651
9898 15117
1013 5378
7552 59330
9212 101944
7461 85847
1356 75451
6385 11124
3432 101288
9812 13223
9357 56034
9858 49735
6015 68183
8102 106643
3091 69255
6997 16139
5178 37845
8760 15933
3346 14049
4769 46077
3066 29975
9327 48779
2608 43787
79 72326
6228 25882
964 95332
4915 35861
6024 30614
5903 14355
8024 41246
2602 57716
6745 80834
8217 41847
5742 39997
5667 19984
338 48612
7731 78123
6799 39587
3356 65473
3275 40225
2672 9320
5196 43059
4528 92314
987 16869
3745 76758
926 84046
7153 43975
8 71382
9877 25053
3863 78830
8453 101267
4880 10806
5715 87279
1369 47120
406 42724
7621 100717
8066 38083
2561 65039
5306 44102
1247 95537
9193 92352
3443 30774
2802 67368
5051 62518
9289 67977
524 22344
8360 74432
3841 60482
132 32026
6618 24351
6901 16835
4694 48602
7695 8918
1250 7183
8701 58229
4282 21222
1366 17424
4823 11700
4592 75848
7189 57084
1316 18661
7964 41936
1816 81698
1130 9514
4415 57885
2002 10673
2420 44767
95 72418
8950 97447
9529 101777
389 38616
5715 42738
1746 99046
4382 77521
5951 91886
3247 49432
762 44351
8116 33255
9114 85818
3686 68795
1093 41996
8902 92407
3295 6245
7984 46780
6972 7413
9717 49697
3284 42176
9687 19133
546 89531
8286 21586
5493 58618
3292 23353
1557 81994
1419 37768
8561 23570
7315 59939
1720 50539
4546 14486
7956 33216
6081 82843
2722 46743
9075 52193
756 18374
2744 16228
4234 71645
721 72910
1719 15919
6534 49825
7460 87364
8105 72601
7290 85797
2843 102347
8142 12308
5250 78562
9549 100193
6552 77169
32 9186
1619 24270
8597 33128
1712 98449
6765 73808
3943 63841
2000 87085
7538 41136
1240 13456
1367 86760
9200 12919
1881 31914
1159 74698
8936 72576
7698 49244
8260 20733
4466 36663
1723 3098
958 6424
9810 105744
7418 60423
8230 17609
6441 41766
1194 77608
6905 26677
9659 76062
8210 93909
1689 7464
328 49563
4257 49049
2321 60861
5283 46074
6052 54592
1184 89759
364 62892
8865 41663
2040 73427
6370 59878
9449 20600
1304 58307
8548 25783
8814 26022
6617 95944
3196 84856
6482 49260
7204 87483
9713 97573
248 30221
5293 78975
1401 87440
4230 15214
298 67227
1529 73894
5655 64714
5428 73828
5686 18598
2003 9030
5773 49682
1839 24897
728 94848
2486 26913
3962 8318
9129 68391
2139 29220
6386 80747
5780 42316
6007 63178
465 62666
2180 6543
6529 79969
5494 46645
7228 48233
1118 71234
9202 93613
2260 25929
1152 83118
7635 76723
2272 29512
5148 39361
2581 97158
6027 42617
1868 101111
3910 85804
5604 34432
2951 60885
1871 29616
4432 45315
1408 88091
623 28994
3596 37756
5089 83667
9953 98282
3306 24314
1482 52602
5206 62091
7842 73271
9360 57434
9984 20607
3960 28118
5906 60196
9256 71777
1483 97591
3244 3624
4605 64361
6848 63754
4025 91932
158 18243
9383 99053
9465 82065
1283 86267
1316 80916
5796 105612
7919 48643
6071 78560
4330 92117
4571 103127
3440 39267
3113 72703
8527 77029
2143 76643
7085 23965
4418 101292
7587 61096
9506 90004
6717 87276
7135 94847
2780 80293
4214 70005
8237 12418
9979 78586
61 2760
8465 48147
3628 16160
6062 36876
4065 15389
7323 59363
3079 81535
4487 71237
1063 44229
1963 60331
731 70897
9631 28654
1857 94878
3079 13812
2546 88496
4696 50014
1694 2713
3347 71335
328 71850
1255 9095
4357 11269
438 3980
6223 29831
1808 76280
6148 8331
9074 84755
9571 35668
4723 87290
3628 84230
5305 82173
2451 50668
7048 79991
8651 108312
3083 52161
6495 89267
4682 87532
6487 7301
1829 36288
1965 92644
2904 18855
3159 85897
3408 18681
8111 28086
5010 54917
3049 67054
3848 74517
576 52221
3119 83423
4744 73075
3706 47847
1519 49980
3916 49391
290 29071
8805 37424
5307 39127
6513 103173
3246 62081
962 57388
9227 99013
6700 73423
9039 16744
2907 61419
4040 62051
9924 57350
2451 63363
7233 53922
3427 67228
4685 93113
2144 17038
6020 84448
1769 24734
5931 6204
3579 25171
8950 82616
3249 65557
8593 70247
1369 45559
1805 42994
1057 65543
1447 61786
169 26445
3044 87833
2192 73912
5495 42189
5490 65361
6356 80704
4770 91029
8908 21998
804 45054
5149 62188
5450 6042
7308 26279
7514 60129
6371 13774
4211 43790
4442 77301
1204 38585
3494 44706
2947 25569
4606 51330
8243 105062
3728 76109
977 91838
5854 17605
5558 28938
8170 87622
8046 68604
7469 53036
365 55895
7386 22637
3752 75257
1988 73120
5447 33403
3558 83990
9177 56515
622 80610
4722 37843
5386 81173
9738 80361
2758 11103
9848 105070
8147 70159
2124 5614
4530 9765
7565 37517
9251 41071
2547 13104
2303 72912
4032 8973
3115 41006
220 98628
1069 100782
8007 25042
6702 62502
3038 85293
4520 96738
1277 4547
2520 13208
5839 36133
8511 97018
109 94399
9172 19735
4834 91173
6105 63147
7147 65515
7314 30270
6053 75841
2110 37400
6846 45045
3118 39426
5607 96411
6449 9922
1668 38978
3814 42455
2193 31533
4248 94634
909 89941
9144 62385
1817 25083
3939 9602
1961 52805
7986 59812
8597 17729
941 1818
3252 38852
834 7839
7462 11593
1732 64665
379 92728
1339 92783
6469 46436
2742 50323
7304 25900
7850 67732
5035 81405
7987 84660
6927 73725
7508 10318
1820 20500
8856 95495
2713 37927
6253 9701
5370 88570
6598 78925
904 79922
8874 105623
5116 101621
8160 15918
5071 5862
6524 75051
6889 83709
6862 104537
2864 89021
2449 34980
3529 63663
8645 24276
1401 38290
465 14711
6002 22071
8866 13762
5939 23243
972 59733
9276 60230
1186 3219
7740 82338
7355 77726
4079 43330
8964 73885
7115 40281
2410 10313
3196 66365
5988 12996
6258 35784
8641 92491
8295 25710
5451 8424
3490 30977
8583 41646
6517 78939
2130 22270
762 29389
1035 12477
3518 96880
5110 98487
3285 21532
1550 64644
9967 34659
3433 56804
9013 81059
2266 89237
7700 57923
6607 11298
3844 50518
5810 23875
9471 53994
5438 77468
9396 89340
3022 11582
4921 79601
7154 85979
7343 89620
1606 13062
8499 14512
2563 14434
4100 42660
7082 87415
582 49399
1753 100785
2363 50497
7578 47597
1399 83645
8518 49593
5408 26978
5516 71030
8238 58794
4458 12975
1943 76241
369 95536
3286 27585
9654 83810
116 49584
9816 84961
4895 46425
294 59171
5439 96180
3457 15449
2517 84159
2501 4205
5113 59327
7491 90414
9484 103517
3961 57420
627 27869
663 47413
3450 24415
7974 71946
9550 10340
2483 31390
8462 59926
2353 36820
3306 18228
1895 43437
983 92991
6340 68045
5201 20907
8888 27424
7930 68789
7107 14006
5929 53956
525 68850
1518 37174
5261 74356
3373 82967
6418 66011
3029 52213
6772 103277
3487 31739
9084 84023
2092 68795
69 42674
221 72763
9681 29550
5398 37145
1049 61509
4750 94286
1210 37756
8578 76300
7577 56825
2734 35303
913 28148
7103 13104
7368 88635
3939 42439
132 64385
8877 52192
1698 53453
5830 86809
8001 29764
373 73133
4888 93630
1624 78843
567 80008
9205 79516
162 39429
7964 81098
2473 64002
5015 16124
8715 64965
2762 26359
1977 42374
1894 9969
5889 31023
8875 56560
5355 25153
3561 8539
5851 67540
8335 60501
4833 48779
2012 48930
7186 20412
4826 89902
9352 91370
7906 69925
2897 17878
7352 85445
6543 94851
7244 27313
4824 5056
5826 49756
3144 35807
4566 94883
2158 95062
1478 88749
7980 93845
1651 28364
403 89693
4991 14185
5986 91295
2252 37238
2407 49532
3587 40760
3263 50936
9243 59647
3310 13245
8959 76346
7750 39174
7314 40366
1620 82023
9554 30103
864 98056
1247 73100
7463 101596
247 34137
1766 98153
6358 78775
3533 96454
4428 22691
6266 75464
5695 21344
3340 73917
7957 72579
2625 64747
534 59907
5934 103595
9854 47500
9949 27402
9773 66313
4201 18429
4197 64243
1501 17160
9564 90973
8713 83526
8316 69946
9101 61178
1313 42330
7212 81500
4182 93756
9588 58844
5254 17894
6007 8020
122 58338
8113 108053
1314 18591
7581 15237
3089 93478
58 23611
9296 89211
5013 49630
2905 102812
8938 106873
3614 9612
4114 103094
4473 67747
178 61533
4556 99535
8228 35009
1679 79699
1734 40027
7058 99491
8328 56455
6704 7184
1634 24916
3049 94368
2995 97493
2759 102548
5107 101316
9723 36041
5290 62677
229 76125
2378 16514
3701 37805
820 53529
3853 15736
6638 43387
524 49127
4853 72218
4794 61186
3456 33628
5948 73567
208 43209
5098 97409
2366 43297
3230 82341
630 31030
3076 79115
971 8170
4413 29190
9228 84597
9064 107525
3588 83843
768 33988
9867 106528
9490 12282
7194 42230
6787 74953
3429 19249
7990 55596
5878 36647
6750 62613
3724 88787
9690 47735
784 44410
7249 103905
501 88839
9004 80784
9602 13619
8213 48138
2910 97617
1 22377
2686 78505
3126 16243
2337 17403
6510 42033
7097 56987
6300 19800
6527 59234
7570 8283
8986 35635
2622 39985
9577 102636
376 94855
5391 19554
5901 88281
7028 56848
5435 56233
2171 15121
3888 41382
9687 91530
2010 95431
915 69404
6674 66097
147 48480
1082 54312
7388 42327
8497 10655
1549 40137
532 73634
6841 81970
5152 84631
2678 50988
5955 82043
5780 90895
292 35203
6735 92358
979 6790
940 18059
2572 19062
8692 90903
6370 34120
3430 38926
8193 81122
3355 94923
4734 102549
7475 20267
276 98856
9625 11396
3710 43450
7715 51042
7450 103044
872 52838
3611 73281
4295 79518
3624 58626
8131 85287
3532 44191
499 88040
8610 46441
5323 76180
997 26827
4390 20157
7620 10641
3239 64309
730 15974
1321 75798
7364 14927
4659 67058
8657 26746
5798 101102
6655 94037
4258 38415
7548 22591
9099 60140
5658 32345
3131 5160
2559 61829
5177 58518
5251 18991
9167 46432
4687 64855
2795 16231
108 6494
6923 74890
9638 57075
6068 61884
2168 45646
3605 52823
9150 108885
3357 61159
2896 93024
6861 27834
583 91370
2895 20376
9086 17701
7216 91353
9718 98315
9682 96649
5219 37240
9020 104037
1203 83959
3288 74935
6186 52200
313 84487
3266 9355
5585 5902
8148 37587
4968 94737
3149 100161
1665 67126
5023 95943
509 71989
7437 97220
9421 18007
9905 24936
9300 41023
7406 29883
1678 46538
8865 89727
9245 21498
9581 85046
9839 56494
290 63039
5320 17140
113 28335
6435 39667
9451 44160
2684 54611
8530 97968
6208 28900
5310 104724
7280 91114
582 90739
4709 9119
4655 72361
8983 15699
7326 44761
8126 14407
7381 15758
4465 44468
2325 93700
3636 17984
418 34954
3998 95175
252 34947
6121 50528
510 4974
5489 59574
1806 43244
8982 12271
4356 101042
1907 66587
6137 38961
1817 22683
3781 83240
9895 41835
4829 59499
4661 43719
7806 82600
7929 99178
4663 61824
7433 62390
3031 18238
7593 86647
4857 12949
8204 37882
8291 95949
8355 62984
8726 38663
8033 89238
5811 74162
4318 37568
9511 29510
5937 53977
1377 84318
8294 97683
9943 38941
5215 97474
3587 82172
8673 70780
6130 13391
4441 9904
3194 55977
2284 91174
4648 23854
9285 67111
4929 43310
8100 30532
127 48041
7205 101399
3944 95418
5133 75073
410 42521
1417 81129
2188 102119
3361 17179
5245 98867
403 29401
9276 27769
6746 14836
7720 94709
6273 69162
157 88250
1153 34135
5489 96807
6004 84390
4415 26699
4361 58840
711 55597
8326 72583
5168 59641
7215 87251
7019 54032
8025 27246
7621 51693
7021 25525
9356 103993
1997 51189
7296 92153
3125 31289
2818 36160
2429 79686
22 77190
584 60832
4107 74343
101 31551
7172 94033
7263 76943
3055 13335
5082 54916
3374 78392
9642 106904
1152 36549
1084 19192
3331 85091
7707 38584
9536 57834
8624 104131
6891 70378
135 75735
5239 88246
4080 76670
5761 82388
9977 82895
6685 45321
2839 62759
393 15192
6623 70108
4070 29774
4830 12637
8104 16496
1360 34598
4096 83807
4801 41028
283 73022
5651 7721
3766 37318
5084 29084
8976 68659
6103 68674
334 46899
8329 49951
227 85775
4438 97382
4837 58883
8022 19286
7398 37717
2829 26963
7193 49454
9889 88473
7251 53526
1269 37176
6484 39884
6809 13981
4201 88589
116 11592
4576 13842
2894 9360
4014 7609
9115 48978
3301 43883
3942 60203
3755 32614
4408 63627
7835 81940
7113 12206
7834 74894
480 88259
8163 107425
2323 8906
4945 36537
2162 25591
71 52343
6655 42622
3904 86984
3910 88840
7506 50770
4462 41795
6363 63610
9426 56789
5001 83816
2047 82428
2059 97698
2952 49898
4016 42169
8694 104816
4202 9224
7502 85622
7233 93911
9752 96639
1042 68613
7731 77712
2898 4716
7340 19165
9406 52550
4600 52131
3815 81622
8123 59344
8261 44194
1815 81399
7055 58968
2911 4058
9977 42504
650 10884
9570 62086
165 35422
458 53774
9462 37348
9567 47667
4321 75047
780 12598
6613 98015
2033 7470
6303 79792
4838 62839
883 75724
4854 49392
2037 72336
4227 93274
6647 92613
3835 76342
6133 95530
3414 78586
3349 103228
3250 13236
9422 49807
1624 13620
9925 25707
4525 22529
457 93641
2720 81902
4287 88651
3470 25709
8509 30746
4129 81720
1179 31041
9261 75863
1363 72556
780 1403
7286 13291
6664 26519
7925 10914
3320 58148
2740 80649
1343 66002
7942 61469
4661 19826
9209 22482
6912 9069
1320 24662
1559 11631
6525 13419
4086 27404
988 31258
8447 60463
6620 85639
2709 44183
4508 72863
8845 102135
8693 77973
9634 55831
640 77383
6004 61953
8498 85798
2742 56756
8557 20405
7861 89825
4041 10682
2578 91689
3648 54131
1520 10502
9012 82485
5700 59370
6665 86940
9478 24115
2813 94168
2150 63812
7968 10301
1501 25505
8684 20679
3795 49813
7322 18334
2286 92811
4616 66149
702 90374
8498 36809
6140 44230
9912 27791
5574 14997
5454 49456
5283 57838
82 49950
6906 22132
2877 97201
8524 25984
893 44472
9155 69169
1731 1975
8970 63746
3901 93872
6336 49834
6393 28510
5801 85695
2507 87049
8250 23311
5253 32728
6218 82026
4596 70974
1999 33638
1497 12220
404 9351
2365 55015
2912 32994
7029 95998
2755 49514
391 80556
1850 51479
5281 58135
5299 75786
1315 99718
2553 40714
9137 88404
830 97900
9179 13832
4449 72957
2146 7163
5567 67830
9376 91654
2094 3039
6469 11561
5848 90824
9579 57706
9068 19976
4090 95459
5478 56686
8660 95512
2657 94929
5488 40934
1777 16525
8339 35299
4176 67351
7396 22308
5165 19787
3310 90213
781 61768
4215 100630
1052 82284
6664 87991
5978 49975
5915 53445
7303 13409
5201 33070
1811 3858
9207 21630
9297 32686
7535 49058
9247 71271
6261 67666
204 17425
1 67480
2172 91533
4673 95919
1921 74164
1215 79629
273 63240
1839 43621
1152 56142
5657 11758
6067 20271
3952 103716
4809 8525
7792 44195
6985 69845
4977 52264
2580 8553
770 86112
873 11084
4771 29308
3946 86888
5078 31304
8449 17161
8811 104593
2135 4977
1094 38778
6019 89634
8943 40477
1581 18175
7285 52847
5607 91302
1608 81129
709 28439
2835 43943
4565 99407
2645 47260
2924 59736
6783 34533
3875 16607
5017 17614
6597 27675
348 17427
8775 75843
5432 52469
3811 84072
9317 53747
9150 87044
5478 100553
6702 11914
9871 25304
2083 30048
8949 89775
4812 97758
4032 54103
435 17255
6924 23482
2456 70802
63 84612
7893 22395
6263 41118
211 13379
8601 101067
2052 60053
2574 16563
4342 77758
6260 25931
9152 44996
8876 91727
6540 17570
8619 43900
2957 75474
9118 81475
8054 47338
8741 74354
8452 46961
7514 27314
605 79461
48 14779
9911 94533
2232 21384
7231 29617
2466 40091
4043 53959
2205 78187
6802 103379
9234 21673
646 77165
3919 59963
3607 96220
1882 62108
174 80335
4897 23127
988 34311
4873 9561
6560 33051
2453 76552
2067 89950
8912 107321
7177 30848
4327 103381
6788 60463
4483 96693
1411 63412
228 98842
3001 63651
5962 69576
2897 15945
6515 103270
4783 96754
6269 79288
7537 91031
1660 35501
5616 24533
7313 88580
6723 88381
7266 51849
7064 57938
9720 26857
5745 35728
3765 57306
1509 52161
3705 8529
9780 38305
7702 58029
5399 79575
7689 67834
2155 86145
2558 27956
7444 24184
8366 46419
6239 21220
6279 100258
8595 37146
693 38377
9465 95042
3667 71596
2697 73436
3888 79809
781 16596
2821 65022
7435 29179
8971 18882
3700 19602
3271 29965
6916 26769
8224 98694
6573 96465
9083 23128
7283 13003
7359 17444
7776 51141
1839 26772
1330 23725
1368 82385
6604 34919
134 16770
7775 101709
8192 43046
3807 79904
8803 92617
4280 19512
5568 49727
4390 15995
1295 63420
5180 93506
6668 67187
1410 75897
8860 44821
1542 55660
2402 3300
8140 20795
5775 12432
5890 80341
5226 13572
7892 48818
7605 55137
5735 94306
308 11423
5983 103021
6954 66173
3796 51786
8039 52185
1955 52213
6729 66337
3561 63984
803 68578
2472 38092
5245 47585
2007 31178
8759 46041
3845 99188
1953 9326
6018 7148
1326 73212
7672 94211
7674 38613
6481 21846
2530 31568
1536 70952
7023 85596
4839 72127
1722 75599
230 35972
5170 50072
6491 70673
3785 75169
3554 7187
7000 97781
7088 56688
1128 11374
3132 83284
7368 100783
305 44501
6857 44879
1346 30160
7556 27544
5925 77455
2735 79127
3224 26748
1265 98410
7867 78883
5993 73736
4554 93946
1823 35480
6957 51175
6384 17886
8399 83749
5768 35041
315 18111
5671 31709
9761 92591
5625 18113
4096 28437
6254 93900
3642 32814
1102 56146
8328 11518
865 14243
1077 26921
3552 94816
5677 80049
5841 22699
5212 5219
6977 52401
9358 80275
9977 48825
2068 93465
1894 35954
9985 23588
7576 74433
4285 75542
4247 22864
4528 47782
5626 98285
7869 106464
2004 87952
4871 15877
5532 20056
1769 100673
4714 93137
3840 95603
212 1069
6351 82810
4628 88350
3472 21716
4618 29089
4257 76685
4668 9575
2831 78479
2903 59602
5254 29456
5094 20675
6212 74223
5238 41348
8631 65499
7482 89972
6149 36584
1130 52313
3982 21067
344 79205
2419 48557
192 90687
4136 5144
9227 37602
3016 24836
1937 4045
2219 79768
5884 48001
6690 83105
1281 89718
2470 71339
3701 33521
3103 49224
1702 49481
2458 24141
6987 89077
2622 87605
3417 25144
1657 93623
6615 94953
5835 22041
8475 60946
7766 27958
9584 40507
1099 35805
4732 72476
8274 85818
2009 51886
4548 80880
2813 61253
8208 18671
3522 42617
1789 20353
7589 64335
6572 70721
8723 52190
4533 87365
2797 9487
4873 6058
4251 97550
1851 64246
8347 21023
7515 57904
9905 86707
1747 26191
6486 91525
8843 20608
8337 53326
84 48435
918 43759
5592 89508
5867 56954
704 23560
2581 64433
7549 22448
7783 30377
2798 101096
4207 5775
4586 87069
2134 80563
1459 48215
9719 16137
5994 84023
3273 31684
9252 72922
8171 27256
6570 50709
4903 28787
6551 49205
10000 81716
9013 92053
8521 103887
7030 91727
1269 45839
8181 64012
141 12297
9621 64226
9533 54081
7896 23345
5523 44747
6082 89471
8254 75217
7252 46461
6424 83749
1588 34709
8933 66568
8049 57247
4000 87189
3082 22029
2916 19480
804 67474
3424 5669
5806 103052
7367 79829
9841 93200
5165 83243
7245 88416
9456 100196
6560 19630
6231 54773
1524 35265
790 13269
6265 61265
9498 41741
6868 47713
8845 49084
375 13403
6034 47046
9856 96939
4472 4624
1341 85193
1170 6279
8344 50050
2866 70793
3373 99013
9500 55759
3821 92231
3930 79609
7459 13580
1 50925
3606 60914
801 6022
2686 56892
7087 29144
7687 100086
7226 63829
3930 103825
3641 47924
5150 32113
6453 41916
3136 12229
3233 44685
8930 12365
8331 32439
2472 12001
576 91523
8049 106651
9461 102673
2790 77502
8890 38003
8681 13371
861 13004
8710 100949
4862 46477
71 54645
2923 75415
4047 4581
8743 36237
6779 22785
2073 6634
8628 67309
889 15642
8690 84723
4096 18166
7951 8925
2784 92617
5700 62054
2712 70584
8609 99034
5389 76686
6063 14528
6525 33280
2205 61428
3302 87694
9538 94898
7219 43445
1520 88298
9792 105401
6624 96602
6527 33525
5315 75504
4522 66635
2927 4574
9712 96740
5030 65594
9658 79665
6395 79818
7340 25153
7513 88970
1712 44267
8243 32137
9330 99290
7670 14418
3789 25017
6378 49580
7001 100435
2455 18127
2848 27819
9298 75243
8614 11991
6773 69796
8649 21435
9832 66508
427 56512
2973 75418
4365 100854
2617 87054
4725 45616
2678 55613
6651 45601
2300 17301
9164 56570
4751 92798
9631 39628
5931 68027
9343 70530
2009 7815
3040 67055
9162 56121
5540 39988
8994 67721
6490 71737
6817 59992
3452 46895
292 38530
1465 92046
9975 49617
2333 3296
5696 61709
1519 18985
1789 79690
2981 89584
7101 59399
974 94883
5461 15328
2283 70795
4906 29240
662 16514
6688 14667
9040 39913
9681 93012
45 10174
9460 84170
5317 90984
7022 92292
6954 59332
2388 12079
9974 97291
5772 81544
3519 54603
5782 66040
2837 34326
4361 67314
8009 52423
5129 17228
4379 27467
2837 68518
310 70548
36 43404
3528 31843
9194 81607
2187 10164
4525 92538
968 18045
9069 20953
6862 90899
2098 60987
995 10323
2030 59075
7471 86948
818 33754
142 80334
3751 71740
7529 13026
803 26068
7013 86484
5375 11350
5305 15678
7341 105538
7857 22737
9840 83307
9311 81538
726 40643
351 53730
2619 87399
5983 76356
6461 54480
1781 83443
1531 25327
5073 16791
9721 50250
8323 26667
9838 53783
678 4154
6631 6761
2697 35667
7436 33022
7222 53734
3990 44224
8672 105871
3846 47383
9593 47742
1713 58451
7678 44469
7801 87793
1585 26909
7173 50962
7363 61527
3145 12535
3480 65508
4119 71655
6961 74832
6880 90387
322 84933
9213 45360
8433 12218
1527 18549
8232 81113
2642 68236
1831 4985
5719 41208
3917 19414
979 5154
894 91096
1177 7635
7572 48740
3947 61238
9271 21181
6434 83876
724 9738
1530 96605
9645 29336
18 60427
519 32790
7302 87455
9416 68826
3537 26149
978 76548
4423 71246
1342 68813
7708 93125
6600 95820
9771 10878
5734 72353
5221 86340
1425 71462
6890 76291
9932 98663
4812 34752
6652 35623
6714 86431
6854 31412
6055 17104
9176 87305
3189 51523
906 92730
3493 94992
145 82502
1981 86904
8201 83965
658 37754
8428 42537
5433 21148
8388 9629
4297 49027
2664 12181
8856 98874
2947 82209
324 17306
5142 45418
4857 26152
1220 50052
9909 80724
4886 44892
9957 22466
4080 63592
6400 95941
6430 64489
7040 47565
2699 64902
8833 90118
5534 31905
6835 96581
71 52427
2238 15966
1952 81838
519 12833
9992 57384
2003 84562
2438 28798
3031 15001
3824 78558
1143 72364
5241 95116
5445 52770
9577 77848
5339 13495
4317 60353
6383 39555
1385 11146
5046 73043
5539 96316
3612 102983
6106 97547
3907 10223
5722 6472
8139 29693
4413 45033
6807 26685
5912 21380
1956 7561
274 37134
9063 96222
6949 70309
1505 37842
3571 49078
4093 64760
6973 30253
2172 90169
2828 65558
2982 8544
5768 100357
2551 89869
1302 20347
6944 51847
9096 40980
4328 72614
5230 30824
355 31940
3775 11953
7296 37020
5493 10545
4204 59830
4160 59753
8789 36883
9463 13301
2699 101381
5023 34125
8684 60073
6010 94270
1995 88371
7401 76782
6200 47349
3211 81911
4288 45546
365 43360
1866 43243
7081 15848
5441 102592
4687 98244
2995 58846
1918 68668
3567 97236
1552 83485
9114 38228
1181 66804
6212 53915
8891 34788
9697 91455
9238 35569
9465 15122
7446 68300
342 23006
1080 70224
2296 101236
8266 54710
7229 41057
7261 39406
1195 84634
3975 100091
2102 57106
3418 80325
6621 8577
9364 34693
6371 49382
9863 71427
9351 67999
2471 17469
2970 4270
7711 64417
294 48475
8793 101960
6510 88999
3566 23042
3365 39984
6613 31863
7603 49093
4208 37875
6798 65551
9383 89769
5050 50050
5462 80683
463 61866
1230 79312
4107 76637
7474 97672
4976 43592
3583 70317
1075 22507
5322 61394
4857 49164
9263 49832
6189 6866
8158 19229
193 97774
2097 5608
5853 26476
8011 59414
3829 19822
3969 16612
7757 10599
1173 60291
7795 97953
9766 28378
2359 39250
4735 96837
7972 44863
2064 56021
2042 17303
6873 47137
109 61018
5889 55322
6686 90988
5438 93226
5533 8754
3780 18586
6330 87543
5376 92938
2132 57830
5507 82485
8475 25597
3603 13665
1874 2357
5492 18484
6720 65911
7813 35533
5530 6066
1529 11690
3533 57971
9188 85076
640 18499
7273 99450
2341 96946
6064 48684
7216 38314
9180 73989
2082 41164
9980 24504
2608 49110
6135 95005
2675 51887
848 51223
8431 82408
6421 45870
8080 8265
2521 26195
8507 27261
7698 27123
2347 23101
1769 23942
1342 52918
1178 29592
4140 103950
562 22738
6542 13596
1147 68492
703 31798
7726 107424
5885 91761
1242 20339
9549 54856
7505 49592
6538 23911
3674 90584
6653 92360
2635 84365
8642 20842
6829 55331
1671 49267
2322 74042
8312 70688
7233 38247
8482 90623
8243 75278
8759 22996
7646 70088
567 46118
9570 108856
578 7390
1942 97476
8055 76210
3948 39195
2890 49964
7031 52432
1060 92187
2782 18562
1467 23796
5060 26725
4109 70904
3320 59556
2874 83252
7013 100987
585 27686
8099 88293
8132 98279
6441 104639
6456 22921
3423 59262
7863 77471
5290 96432
1028 5177
263 83433
9558 78488
2233 2442
8877 70761
5537 63327
1207 90165
746 66612
9275 22332
2986 3116
2882 56402
4729 69937
5097 102406
5409 42890
2389 61159
9388 86275
9643 107509
7925 15407
4781 32849
4236 11913
6111 22222
5380 44097
9758 19903
4079 30375
9480 52231
2423 34643
7070 82467
6575 34059
1139 33306
1873 47208
8212 91069
6914 8800
3080 41305
177 80874
5450 90220
308 12985
5739 17816
5208 31024
8264 65319
7041 54676
2643 13208
6429 8947
4767 86214
6561 96772
247 40565
6424 93930
9201 96842
1439 38335
9617 53334
8508 43409
4196 9292
752 94795
4617 58915
1067 98303
5821 66041
1838 2490
2969 16175
596 22831
1256 42856
1029 11993
3753 93733
5149 6584
6023 26209
2526 72223
4961 13342
5214 16175
9611 58794
1381 58692
4430 102264
8687 44771
991 95213
3641 99347
6283 74212
3704 99294
2015 28840
3317 16812
1517 31288
3297 46884
3242 71703
2914 32133
3802 10715
6352 86836
7846 58420
4109 93153
8740 19134
3178 80884
7271 100667
1911 79203
5616 67382
1519 90395
6122 48738
6367 89255
3911 73151
7679 28555
1648 91472
8678 49095
6715 105669
7143 40089
6423 29357
6227 30939
9915 69084
1843 84617
2490 73487
7372 70505
1259 6695
9937 35167
6677 75024
729 42169
7495 15995
6541 35839
8062 101223
4463 41946
4255 7769
9312 11649
2417 50199
3454 92633
1241 45932
8092 75912
2883 89469
8685 61921
622 28628
3527 92961
5050 85351
4413 44135
6288 34023
1182 46893
2783 11785
4094 7227
1524 10211
5613 53928
705 60140
8203 43775
9865 87920
2948 4426
4676 66923
7938 89749
8328 25313
4797 96160
2535 24922
6090 89388
7504 43882
4491 47401
5734 41739
33 51666
1508 47133
7417 70868
1048 87132
9754 13141
4850 58617
3098 25016
4749 73170
4973 23287
8674 14555
5279 94611
1396 7705
8909 56030
2240 97352
8631 60117
5522 16765
1296 83902
2028 10591
2348 58242
7831 48042
7300 20072
9114 96762
3858 72899
8050 86141
250 13843
5152 92523
8653 55607
3503 52683
9974 105037
6214 57048
5997 51447
2193 19387
5968 49228
2621 92981
7500 83045
5492 37296
2073 54204
157 27415
1707 43488
721 32768
932 73754
5027 6952
1558 42389
143 50403
3360 60184
9575 30977
628 46878
1914 99237
7830 37302
4825 79767
2759 26944
8629 10074
3520 82927
3502 4737
8418 90643
7474 17751
3894 93731
4166 46617
9604 45187
3847 84376
7736 11907
1889 65902
7634 93369
8391 63632
4695 33159
9369 58250
112 94990
5317 6819
7105 80027
9922 50533
9812 105698
9087 51930
4535 20843
2889 101953
170 66870
862 37061
8117 29745
6587 16739
9033 102723
1349 101152
5569 59956
9812 99306
3646 70501
859 48875
8005 35686
9676 61574
1579 85549
5437 97957
2497 63222
3038 36425
6854 57035
9315 96062
5761 43264
6576 59639
1897 80511
993 13070
8213 42916
9518 27649
1381 12179
9862 41084
1292 24194
411 9671
222 83256
4917 84745
4238 51283
5897 100315
309 98649
4006 16025
2225 35810
6009 40089
4511 97849
7041 95210
9945 97183
5594 24833
361 1467
9681 95016
9301 82074
5016 100747
7286 18227
3504 72254
6734 78600
1468 81818
1312 57572
9766 52722
8737 22662
963 12775
252 64355
2504 6970
8822 79796
8547 94311
7654 51200
6118 47830
7631 69954
3617 52511
2122 54914
6420 96477
8690 106824
4656 87915
5081 15678
4791 62954
3876 50167
299 16758
1572 35350
3927 48373
8377 107568
2998 14305
2190 52527
3325 4284
965 4438
9659 79568
933 97531
2920 77833
593 62918
2789 81361
8037 106544
17 2843
5942 29311
2511 80905
9129 29843
1213 88705
2827 87734
173 52053
6044 26448
7508 9684
8159 41350
9438 32028
4793 14725
8461 63054
6136 33963
3619 17877
3957 47973
7554 80029
41 68147
2688 26890
248 10136
2817 27055
3418 35626
2047 33094
3640 32366
179 75098
1080 88706
1769 87794
250 99606
8550 18745
5925 66878
4678 59263
5626 50108
8033 87729
4775 25239
3045 55920
9271 84535
2162 27277
4859 67725
9483 58086
5947 94842
3351 71229
533 81003
8837 34337
2009 92396
1380 25738
6610 40657
131 88224
6578 59801
1393 47204
5743 78823
7402 103953
6813 73235
943 36474
1005 66344
9921 52669
1012 83302
5092 36301
9880 32573
7873 97954
7423 12887
2793 27084
3526 40316
2771 59520
8653 96460
2810 92704
2266 47751
5065 38436
6230 34504
2991 88241
4631 74780
8867 8918
6659 98164
2347 31957
2742 34962
8 54827
3050 27967
2802 15110
7404 81097
7258 81993
6498 25021
4377 99857
9760 23504
6712 14775
7082 11883
5047 97085
9790 96136
5812 33110
9095 20807
8685 42531
5538 92615
1801 82725
1629 34095
9711 91273
3556 44805
9166 98612
639 89038
126 33406
4442 48157
3077 5217
7447 37397
1540 33017
3976 24055
8662 98970
3076 29712
3575 97852
7730 59370
7196 100126
1530 66826
9803 57430
9010 105526
2316 62261
6419 17659
2670 38948
1033 81507
8095 91610
4458 57809
2342 6474
3318 43797
6327 49793
5008 9484
7709 50393
1630 59747
5748 25329
2928 74791
8489 47332
9145 50734
8161 65228
6969 71350
2153 64795
9386 88995
3615 96890
3633 90630
937 49782
6268 86828
4088 53989
7022 78440
7510 99606
1019 45664
7647 58390
1730 93171
455 17581
741 31609
7053 39639
9096 13291
7300 74257
9766 44267
8488 18880
5453 82639
4066 45560
9007 102073
8587 107201
7624 37985
234 14398
9224 65673
2064 22434
4599 65765
9493 84923
1529 95229
6138 98516
6842 58031
4977 90981
2039 70198
9397 96875
9071 69645
5472 62192
8559 35637
3887 9878
8118 21687
3657 56915
5067 58003
9783 51899
6260 64279
8243 62222
3573 67882
591 85751
1956 58659
5411 45242
5272 22453
8660 94870
3614 57975
1197 66694
3077 23621
7380 18345
7718 69828
2048 3597
3798 10024
8459 44159
9168 49331
4498 31748
2476 93580
8191 100638
8032 60970
2507 81324
7631 57118
6526 64261
5161 88666
9086 83891
2123 2368
9197 28937
2921 18403
3592 12432
7999 88833
9277 52638
9663 27874
6419 69350
7551 59836
1068 23310
8803 36994
9380 48547
134 91340
293 47912
4511 40472
51 67194
616 48456
9418 80506
6121 87832
9257 99179
5865 18566
4689 8515
6324 74305
5156 69316
3022 22084
887 42406
2675 67436
2359 49356
571 64339
1492 76181
6349 8490
735 34932
6904 93252
8324 28674
2297 91955
7770 99396
8063 20384
541 76116
6853 40952
2544 31584
991 61823
2665 88976
8577 49824
4261 93372
2889 32606
5619 76287
5204 78818
2617 30789
7660 30563
6144 59409
6091 74025
8532 9136
3567 80060
9959 18945
3187 40965
2645 24366
5114 86380
7404 39532
7833 94992
7112 82671
7035 35626
5844 66658
9927 86607
3999 7046
8881 67212
2181 75698
9580 103648
5342 81904
2195 67138
6501 98648
8007 10316
6061 42358
2262 74809
2353 32960
9879 17184
4447 52509
3067 61899
6191 100810
8375 22562
2610 59004
7074 48222
5892 93016
2206 71886
8777 31490
3438 82715
3049 45886
5791 54677
3500 75075
1971 70821
1539 59553
3522 63415
9049 57607
1436 19070
5145 63615
9816 63215
6130 52823
2518 47111
7491 54776
4638 39318
3696 35675
3418 64934
9110 32780
3768 68944
4175 26594
6614 21128
7253 44665
7989 43711
1060 41418
1472 71624
8413 104948
7561 66571
4196 11673
506 91754
6796 89500
2724 77552
3974 68295
8508 72574
6489 34360
5453 98362
3811 28333
7340 93945
2039 88475
6209 16962
7752 32152
7130 68421
9602 75906
211 77682
282 70731
4019 56767
4886 95361
2892 85098
3752 24742
2552 70016
6758 13222
4255 81891
1269 50296
6206 58835
9284 59465
39 59706
4159 67505
5271 33456
1319 95608
6943 79692
2005 85334
908 15400
2358 60933
3912 71756
9264 87413
9472 106962
7654 103235
3056 94784
5283 66632
2654 9699
5982 91128
258 15104
2390 94741
4235 55429
3009 13652
36 3112
2452 81315
6231 64014
1939 16187
5655 51616
902 56102
7703 26400
1543 87883
814 57186
4793 74216
8661 22354
595 53882
7992 31347
5686 56188
4669 104554
8169 40643
6272 7196
1241 7175
5426 52271
2359 93124
1181 86561
8750 70906
2258 82293
8980 62350
1880 18231
636 43540
6553 10807
8125 85008
9987 100945
3387 29118
2523 19107
1889 41406
8998 94631
1164 30656
9774 52758
6169 34616
7971 43202
5502 57973
4751 23067
9703 38722
2486 40653
191 10721
2008 51354
2727 96726
8847 33584
5758 94930
9802 69987
2162 67068
216 8613
2715 29105
2351 36679
7957 32346
6178 58520
6246 69075
2920 8555
8338 34447
2758 95083
5163 39201
5250 79151
8140 48400
7276 63453
6905 26269
5367 92408
2109 9504
7153 75245
5705 72314
8529 37793
74 95577
8455 55400
201 5152
2396 37549
8302 26874
5828 19588
9074 93217
3618 44270
7880 90299
5218 58085
4091 75809
3758 94735
5971 68276
3424 27282
3433 70494
9899 109424
5609 27762
2611 43960
156 74440
8824 81802
8321 64496
6204 75783
9593 40928
2867 55858
9706 101038
1059 32751
3503 70938
1659 94348
1185 79017
4295 42992
5881 39552
9565 59344
2816 65504
9407 21256
1979 19528
7909 9843
3330 82336
5680 11669
8309 40282
981 38704
6763 64230
1510 45471
1000 20572
697 46111
2611 56442
4770 75401
4409 10773
4441 75748
5483 86398
5720 24676
6915 44027
3300 74254
9622 44891
1198 48359
4501 50906
2932 8438
7260 61457
7703 60306
7462 27033
7102 98281
8845 90707
1925 99954
6085 7482
6672 99203
5479 17455
1131 87372
553 2821
7994 19590
5577 89189
8785 22766
1582 57434
3860 70792
2730 32401
7430 51194
7785 87586
8449 80239
3819 63012
7138 46779
122 40485
6386 14462
9578 58823
6550 31213
494 26467
5481 78635
6433 73505
7426 47924
4208 83072
8965 32977
1119 10616
9863 28772
7402 84824
8356 98936
5108 41306
2821 85445
4046 28591
5833 8599
2392 70322
6035 72385
9070 105220
2534 72939
4751 84577
5918 21501
7480 15091
3421 46490
1457 64289
6508 29289
4600 102970
3426 63681
146 37766
643 5501
9812 20388
2352 102196
7155 75896
969 87667
7430 18097
3828 90501
7991 30021
4878 43870
4614 68815
422 63434
7707 91009
3539 58756
7095 60570
4190 34910
5709 36627
6886 57628
4518 77164
2690 8814
8100 66189
8150 83535
5904 60382
4916 42067
7490 86096
9078 35741
8692 95607
1592 85877
5722 31789
6440 86211
4373 45779
3195 71200
7175 35671
9424 100626
1226 33542
5125 37353
8149 52005
4255 67869
1902 3231
3430 52663
5618 37858
286 29818
4726 91660
2232 75501
3022 26059
8620 47839
1689 97141
7565 100213
2151 23990
4216 101692
1285 26749
8317 53488
6871 61278
4516 81231
6516 26206
6732 95338
7679 73411
4135 98799
3013 90239
7499 53208
2480 25163
1647 60956
247 55116
9006 82630
3687 25859
7869 35965
8982 65374
2883 8023
5322 80437
2078 82665
3762 23893
1728 80098
4062 17688
687 67365
4851 41699
5086 48710
992 3369
23 6432
500 62519
5586 60507
1208 74464
4427 68204
4475 28790
9434 23437
8447 49109
2003 59124
9791 68112
1263 96922
5957 48892
5446 17324
7058 33673
9156 81848
4231 70779
7316 28484
7085 62227
5374 65610
9713 11968
8502 54649
3245 70879
2505 82206
1176 51804
7613 65627
6228 102143
2929 54105
609 92154
9485 73342
1039 60850
7274 73768
2782 37553
3284 72198
3923 31346
6973 51770
7375 59682
1490 59331
6547 53312
5403 75004
7571 22602
1621 92282
645 5029
5831 8104
72 8356
534 35932
4874 20820
1030 69039
2625 44162
868 20762
345 26286
7365 68876
7502 67173
3816 33274
2069 62834
5510 101218
518 1854
8149 37490
8163 65266
3034 5669
653 51330
2160 21796
2204 41859
3994 27203
8217 33583
1142 97409
6167 49560
4067 46414
8585 17576
8236 74318
3425 80164
4844 95082
9874 95508
6965 105035
591 3900
6614 19452
7593 27682
3122 100696
5274 84889
6049 46559
9947 57431
5180 65943
267 36303
2045 36752
9623 107710
6586 65531
5024 81610
3955 58503
8359 52579
5005 69893
1076 87057
2537 13396
9387 39243
7189 31900
3757 28491
1584 87161
3364 28639
3094 14851
3798 72958
2187 51604
5491 102804
9679 103281
163 41924
1868 47896
7547 26613
2054 89149
9803 69705
6461 86206
8183 53271
7790 82687
8951 108661
3090 6678
1677 91297
4099 46033
5816 13486
6997 28831
4756 63251
5271 14671
1562 87326
8560 68295
7713 58429
8770 18113
7707 23197
6973 21147
1579 33769
2627 65929
9376 44297
1197 22310
6155 101993
6406 90249
4520 75036
4135 26647
2758 58278
1605 39875
9053 86748
2343 90709
9590 89550
1369 92192
4380 81639
3433 100028
5971 40899
7799 84793
8201 100844
1325 6077
4768 81933
8983 38761
1981 82920
2888 7076
3207 29514
3064 81570
2178 59152
7407 34467
3225 58614
7039 40985
2526 61073
7429 91834
6847 24199
390 76615
95 42359
4556 11594
5600 14435
2600 87130
3890 62477
2309 61329
7315 26854
5750 24411
9068 20267
9691 59176
4539 83481
8408 14709
3839 40513
7535 48321
5746 105033
5886 7888
9663 88142
4449 58797
1976 70001
1566 59951
9950 97225
6126 51969
6553 94614
5465 14175
2392 48037
1573 6940
2765 39168
9747 64921
3937 76100
8471 17202
7847 67386
2763 62277
7029 58556
4081 31732
4160 37651
9948 26882
6319 62180
7264 73881
5496 105093
5704 34174
873 32879
2869 22423
1838 14971
8482 104643
3137 40985
5423 32016
176 91519
2801 74154
7878 106873
2948 10408
5759 69687
9137 99741
1429 1565
4112 93757
7648 23519
1084 76561
5148 38202
3983 38825
2000 48760
5615 24438
3388 12936
6023 24613
9253 75175
8580 103852
9132 88864
8990 87251
652 16147
7040 24344
2014 51284
8595 91497
3935 89995
1084 60190
9141 73093
5528 79654
7346 82861
4503 63668
2775 15836
13 9705
7425 94083
1348 75052
9384 52975
608 59188
9043 88161
4677 52593
2721 67263
9514 109016
9055 105502
301 7725
5062 37543
6750 94168
7824 87669
7689 26381
1082 53902
6191 99272
1412 42095
270 3932
2409 23057
7338 90127
2266 89545
5987 36301
7122 20167
6457 21820
9820 105000
2805 57439
8032 21678
1882 37974
6888 9070
8377 49193
8802 102320
4761 35317
3355 76269
8152 39629
3086 80450
5136 95810
245 94509
9468 100676
6056 34877
9814 99282
1389 47902
7332 89143
33 17191
9037 18490
1005 26414
6353 55035
5645 68915
1114 76733
7286 81675
8991 42903
5354 10845
7322 86491
9703 108913
6585 11920
2453 57308
7159 49242
4126 79966
6920 99939
5878 77788
2388 7354
2995 30370
8991 44164
1746 62968
9243 30630
3883 43445
5259 99347
2076 84392
6990 106734
8091 54057
1415 21624
6047 64496
360 79157
2923 58075
9954 39393
348 72539
8265 68455
4279 22207
5836 84805
8960 82348
1411 59389
3219 20747
6533 39534
4668 32644
5465 32185
577 78222
7612 84397
5852 53515
171 36062
1298 14344
6160 27726
4404 69498
3673 86790
8529 58636
8799 16830
4738 75189
196 10436
9617 96658
9514 56295
6689 95811
2784 10666
6009 68018
4254 23984
4425 100855
8152 68816
8136 82953
8879 10955
9925 32724
5960 62276
8876 89706
4181 81425
9401 97146
8076 53991
172 55610
7865 88159
4127 100007
2128 7441
7884 51963
2076 18775
2907 41788
2712 10497
1830 46869
2229 81486
9421 59321
1515 13938
6132 45771
4748 12950
9101 24195
7154 54595
2228 83252
997 91805
8360 73798
3423 12042
1323 13095
800 45281
3110 43144
5400 44344
1672 81231
8663 17699
129 79629
6958 60188
4781 46809
2107 9115
3939 36733
237 83015
5559 11458
8867 17909
152 94832
2274 82626
9532 103156
4191 102337
5273 25447
449 67928
5800 74811
2750 92218
2285 56319
7115 26535
2695 72858
4209 11546
7904 98230
4931 100982
7479 10493
265 50121
1739 34045
6655 13884
898 64021
4176 60424
3929 33401
2556 59515
3814 55534
5405 46974
7186 96497
502 59968
5602 10906
6366 45973
7141 85551
765 92603
9999 53417
3583 7723
9672 89350
2811 87349
6812 93576
9587 22522
7663 19839
8071 23813
9059 83757
5428 86697
3886 93083
2842 69574
1167 19436
1299 83228
1233 97744
302 43612
2774 48205
4142 27687
81 16664
9149 14445
4340 19821
7439 91767
7193 19706
9312 15393
1801 95759
2388 75345
2001 89615
8396 12054
9980 98951
9692 106564
2619 89430
8757 61472
2653 44789
3652 89327
8080 107762
2210 43729
3378 71465
6304 65144
6768 86153
7280 48984
3761 95636
5313 82818
7740 36157
1518 17000
9374 54280
7886 48378
226 74061
18 2459
2505 48760
3801 7890
7678 100743
1805 90181
9456 107477
3413 29289
6391 94550
2504 68490
3398 92730
4924 58540
5894 7479
7311 62315
2600 55050
4020 73698
7797 86775
4332 25322
2551 4756
8959 47492
8186 100451
6538 36338
6419 50641
3641 28840
4652 38787
5514 35986
188 26271
7417 38332
4150 74142
4193 44741
7174 32030
2932 7689
7164 99962
2748 82488
4603 94955
3345 91050
1088 9591
5775 69187
7008 102960
4853 58548
1230 100012
713 4597
9737 62022
2244 53670
6551 98052
8749 62851
4566 75395
1711 30389
5791 58639
4239 89683
3303 102855
2220 39338
6112 70547
2389 76449
5041 53622
9278 87130
5970 15467
3247 65597
1769 40031
5520 98414
4824 59307
5305 55798
5849 23198
1187 68631
7401 100663
8334 98710
3363 10015
4954 65711
8502 27559
4088 27038
8549 28728
3880 50059
1525 9789
5868 97240
2653 18207
8567 22646
6294 56465
3941 79162
5001 13537
667 64804
2246 74046
3098 81145
6600 98157
8207 58368
7858 56888
7016 97452
5015 88364
3324 49330
9875 49027
4620 64352
1380 75340
8326 89703
2529 48448
6421 95689
9126 104767
3414 61061
735 51138
9089 88919
1807 42113
7654 38530
8165 70007
6223 92775
4002 26551
1277 2975
231 2077
7654 97545
2149 89822
8316 51651
4560 44108
5718 51348
5223 54220
8944 26761
9448 22737
3954 85342
7152 67378
9421 104442
8940 51003
5181 87678
1653 16843
6845 90050
7817 86396
3489 100565
6854 17960
4183 88477
7672 96882
8268 19165
3715 66257
8263 76062
5274 63827
122 6369
7749 9524
6789 90809
8362 60211
7706 99839
6417 7858
4845 56256
7648 37272
8809 107207
4977 37885
1144 40374
5930 92694
3793 91623
2496 30901
9248 23100
6010 48550
6724 104298
5545 94635
35 94178
2667 34827
850 83646
9603 49590
4230 72976
6752 100683
6056 96565
2677 16921
2982 73912
145 2339
7110 37296
3505 87242
9331 55106
8926 33773
3850 7760
7858 102982
6920 37588
3704 5022
8891 27720
998 68759
9766 100590
1670 63933
3759 47621
6957 74664
396 11737
7421 27761
6904 33846
4772 27581
2579 4409
5915 90368
4225 54152
261 98754
3233 23945
2537 29235
1975 69613
8586 47246
8005 83366
9796 92982
4169 73729
3023 11517
4336 44683
302 86831
2773 49181
1573 69952
8971 9718
6449 78664
6334 16251
7004 11218
7548 40111
1807 41681
9512 76664
9973 35059
3066 20073
353 83554
5134 92499
4255 23731
9599 108639
4660 48867
5378 68692
6039 57207
4182 83714
2366 96917
3738 49099
1074 33981
2802 89503
37 53654
3734 98326
3552 8923
4407 50938
1004 86855
5850 43595
3646 48100
8581 10447
1285 22155
2956 53378
1585 27100
8576 92511
5472 93664
7365 68951
5932 84944
9517 31860
1956 62681
1475 37630
5593 69282
6264 24416
7788 54305
4951 39099
1052 88858
7518 102903
394 93175
8089 20978
802 42130
8947 41170
2377 14791
8088 42243
5667 76920
48 74702
2828 8983
2740 31646
9548 107311
3039 17428
3785 8923
545 90263
9713 106973
8440 33131
4050 11959
412 34748
5533 48980
7006 101987
7570 90792
4599 37145
1621 24676
7348 70637
3441 67443
6293 85113
7921 43310
2208 17567
7825 67483
4322 79218
4262 86195
8094 44340
918 32403
5133 40968
950 34581
3863 77941
9765 97651
4512 12413
6546 63048
3170 77362
6594 75866
2446 11414
5419 52874
9152 101588
6056 38723
7885 106327
2316 74803
6056 67672
2455 70267
1844 71436
376 74135
8487 26127
8837 27562
2219 90807
9128 9354
4400 80657
9103 44241
788 36962
5567 70039
2034 16642
5062 52661
8923 81093
9608 11847
3194 82517
8110 105057
7171 51376
270 24857
5420 33169
5112 35701
9199 37646
9815 104256
8677 36643
8412 51772
7198 22026
1378 47132
8015 12360
7449 91941
5710 68870
1093 34725
9938 83846
5491 27063
147 87324
8794 18065
647 12671
842 84202
5429 28433
4133 24984
9071 97398
8973 65497
8956 22673
1154 77056
1906 58077
4770 94714
6075 86215
5634 43325
3808 51213
2390 57908
7609 10819
4568 43826
2958 59971
554 3833
8299 105879
5139 70773
197 16417
8093 51742
8118 64502
7057 80671
818 59192
3090 42548
2065 63175
996 97088
6594 80608
1952 98779
1878 41055
8684 84458
7485 101762
9694 32980
8976 76863
4970 82049
7756 44435
2926 64073
3185 71351
2109 52311
5675 86409
3606 15851
9053 41147
9895 17419
4613 14338
1283 15796
9374 82951
6123 60068
4351 71746
6831 13610
6568 87348
6484 44309
1704 55457
231 16115
8987 20401
7318 73620
3767 55684
1985 90326
5281 75792
6969 70641
7240 75935
2329 90399
7462 73350
3272 83066
6955 95650
577 29300
5532 64232
9586 74355
7658 52434
4303 67657
7286 105107
4029 41089
7374 12939
3338 8353
4987 21961
8991 61407
1867 39180
1798 29251
1958 72509
8236 83125
7664 99650
1951 17855
2387 59472
8532 97359
257 80443
1993 6529
3700 77662
3558 27965
1279 31333
2979 98482
167 66106
6923 28931
776 12817
4227 22287
8654 82985
2195 3156
2208 63207
7038 105655
3167 28250
4302 74514
5532 99330
7358 67294
9395 94331
9118 58321
5870 69515
7897 59427
5485 56071
2269 73720
9647 30523
9151 71623
9561 84105
4426 98206
1479 53040
1397 35583
7127 8519
9280 26087
5926 49951
9381 20643
8229 58985
6433 40583
8543 75840
1263 18261
7575 13708
7716 95644
1146 42607
4724 73772
2348 71684
7234 40694
3038 100444
5816 44502
6434 105799
5282 99838
7022 59632
9856 41311
2311 59564
1275 9787
1825 60129
8727 80434
5256 55197
3077 100391
2961 15392
5978 77991
5759 47871
7067 79373
9651 87558
2616 14313
7710 58265
9946 35372
3906 40470
4091 73982
6565 80288
8339 25878
8625 95133
8288 72640
5151 95550
6259 31112
554 74079
5519 56869
2703 6704
1890 35296
3343 59057
2100 91098
7845 95229
967 96207
5829 75941
888 84482
4502 78976
1576 70150
5503 38576
1230 20821
8191 12750
7017 77146
8176 84780
8022 99518
4722 12618
9509 76503
5858 88161
4707 68417
6705 101528
287 14076
5071 14809
3286 15273
7214 46616
9016 17659
6126 48282
1621 70654
9290 71311
1489 11720
6292 51492
2046 62062
6848 54045
8720 43957
6503 104989
7965 23112
2857 10752
2976 4506
8808 75584
8848 80081
1199 88202
9146 92461
3314 9723
2366 38566
2463 91326
6543 31722
2141 52820
6295 23189
1455 93403
1104 21225
516 13894
5888 92596
168 71657
1413 44021
6679 48564
8757 78221
5399 43031
4715 93662
9518 44258
1479 70102
1207 26079
5294 78085
5576 52088
6336 105372
160 16892
8429 46262
4953 53374
8941 87305
8426 37264
7709 37566
5788 77119
9675 90491
2717 15881
1396 30921
1112 61019
2164 48292
558 66248
7808 90088
3411 45347
3463 46583
9765 57623
4351 61825
6168 85024
240 7055
5889 20766
658 27558
789 14294
9353 95701
173 6385
1943 94304
6692 56146
8565 61474
1513 57153
5917 48674
5348 17552
5285 59748
5022 14483
9989 101984
7885 10594
6544 42158
8239 45054
6879 81861
3316 54541
1610 92888
9558 22940
4195 52827
9490 107481
8334 107319
136 73373
9338 49493
905 67122
3492 55065
6117 93453
3273 65290
986 85404
8692 10208
4081 51379
913 57704
1305 9446
2174 12686
5965 75540
4996 24665
2937 80280
9212 54802
8330 86743
4013 26187
5847 69672
8281 24967
8913 34076
1935 57433
6851 101445
8070 78719
3597 31917
4254 92580
9498 10210
813 77652
7494 36294
6216 101961
1242 88309
575 3143
5243 10370
3708 36649
9806 47856
3385 96690
1392 72461
8173 52768
2433 30349
4012 41719
1925 53733
3683 13879
2725 33797
8051 41745
800 45782
3405 70830
8325 84062
3296 100468
5499 19060
5081 81187
341 7131
2133 38253
4457 46090
1970 63194
6047 68287
7981 93304
2501 44981
3817 6897
1353 72987
828 33289
2514 61182
5314 65992
3143 25210
7761 17076
2392 66772
8792 38443
2089 81089
6082 95785
7532 77787
4001 72554
891 46077
9742 41133
9041 82433
9472 30420
2113 62605
5951 97101
263 65185
5377 89750
5899 7933
8805 20126
9649 33846
8101 73336
9198 59783
7538 103055
6622 93895
5538 51572
5009 80202
4209 101734
944 33691
9560 63865
6307 45971
335 3557
9542 20432
3263 76619
5096 26402
1942 79391
6882 94623
8586 17489
1279 26210
8054 12546
2726 25675
8848 11000
7178 8377
7249 29692
7989 24896
7940 53590
6630 10693
1290 80670
5475 69572
5213 8309
2415 17626
6940 53107
5409 6264
9740 46016
8688 71052
8463 52027
8293 57515
6181 79418
6735 87091
7806 80176
7268 76828
3613 75172
370 73971
4345 18703
9409 107549
5682 37170
3579 17441
9654 34965
6097 29108
5312 98034
8929 96785
4061 74083
838 65731
4444 67460
6101 68223
8624 90013
285 46029
4016 34554
4604 83919
5833 59228
6312 16545
9262 86154
4710 45174
4428 46442
3387 53253
4852 86255
501 92519
6238 98169
2629 61451
5549 67991
720 53356
9793 107388
4347 71640
4 58634
120 52961
3340 48682
1066 5427
9529 23728
8954 39014
6647 25513
8433 28340
5678 53871
280 47666
8581 106613
6184 71763
5632 27480
5763 22810
4421 22413
8002 90695
9629 65760
3622 66251
7923 101610
8875 53612
5689 102593
302 13665
212 11993
1993 64472
5966 101161
394 88507
8984 35429
2899 87317
9587 97749
8146 65057
8873 39213
1265 70452
2979 76691
3476 39357
3290 32098
3136 11678
9703 56119
906 48431
181 75735
5162 81459
9584 10707
4215 104033
1934 89537
5703 103231
2101 101115
6710 75365
7124 54470
569 35702
9346 33078
9536 89850
7310 36141
5164 98250
6322 101092
9344 68168
3029 22830
7088 33271
8952 15505
7812 31209
9174 17538
1942 46739
9138 37337
2892 71522
1099 99802
7417 65404
9377 21364
929 37722
3746 40278
5784 20654
4237 84109
4608 8008
2897 75256
1923 66714
7168 50804
6662 26374
3451 60919
2802 9402
5201 20124
9813 33767
7935 27581
5251 48025
6174 13304
2134 51550
1198 24683
1720 81487
3182 89760
3322 89205
5885 90406
6702 51709
4475 68092
4125 86586
8604 48744
6922 81929
8184 61006
9196 47075
9346 15425
4555 55857
8355 103488
7481 105185
5616 6311
3294 48631
9402 80523
7445 68807
1217 87127
5184 10203
2493 86014
6812 101430
2207 21999
812 58127
4579 36302
9934 78851
3304 22588
7782 38867
7858 102821
2212 92087
4322 70396
6094 58811
7880 67217
8233 52069
8898 85836
7402 73489
447 36682
3909 29464
5478 104197
2624 53442
2754 11357
6253 51369
8526 32798
6173 71493
8437 89849
2252 32115
4361 70656
1442 89637
3238 40151
2922 19501
4128 57935
5750 90198
633 66338
5467 69003
8208 57566
5852 69145
4674 89971
4133 12984
5403 10189
4485 4948
9687 91656
8149 78803
4770 25841
567 34080
9063 43025
7656 10633
1018 46616
2263 8500
2643 82988
7492 91428
1660 49106
3653 66884
9987 80539
3396 42983
5862 6850
8545 13833
346 28404
5107 11338
470 36651
8736 56474
2570 80824
7938 75710
8068 65763
8923 103019
9261 48555
5183 97444
2265 88433
1239 39058
9851 96965
1749 37992
6186 80158
8751 94947
3712 76162
5171 77684
402 35231
5850 74367
2936 30106
4643 11702
461 51812
9998 84674
8716 103205
8369 100497
6428 58731
1543 92584
8991 89258
2906 100405
569 48748
8427 37742
6146 90556
6766 15137
6120 102919
7906 21726
7976 19075
874 71791
4637 74058
5442 24725
2520 57530
4423 89918
2084 66288
2920 51305
510 91516
3865 8036
7141 43475
6545 44690
8398 61285
274 70387
1850 31723
7923 15914
6243 101129
7942 25098
8076 75138
2059 59415
1941 61589
9690 76034
6679 92358
7495 18924
2681 99794
2403 39770
3388 40717
505 77117
3565 71032
8867 42180
7695 99257
3982 50356
6154 37605
6886 68041
4524 55791
4013 78666
2631 75444
5108 94153
8691 105312
896 56910
6849 82420
7820 27779
8341 41336
8600 48738
2108 22308
7263 32303
2734 13604
4721 64730
50 13451
6962 7962
7033 89864
9999 104749
939 49414
371 6415
6959 13835
2127 100374
5959 100625
125 48282
3595 6260
3520 68934
7772 92729
110 19142
3372 50460
7243 8500
4035 89242
3473 45003
7198 44939
7315 88865
7937 51748
7507 35312
796 88174
7253 36592
6917 69395
3519 33487
5720 12334
6004 74380
228 76296
4362 98951
4184 32681
6432 25809
363 35160
1836 95027
3952 75907
5413 103237
5351 19974
3485 42046
5801 31183
8129 95173
7634 24073
3058 20265
6308 33214
8681 79109
9277 10338
4034 69610
995 28135
8400 32791
6760 35759
1672 59653
9435 14922
6334 68032
8506 85777
1745 36208
6567 21002
6538 33382
3594 66740
9674 13583
1175 68586
2949 99706
842 63714
3595 85251
9667 84046
7605 38417
9040 97851
5587 11287
440 81721
4244 34614
4572 103915
8231 31758
2221 20385
798 77987
67 32998
702 22179
8599 8880
3378 28512
588 4237
5436 42301
8498 103772
999 5203
2854 53789
6186 26877
5947 64423
6868 24943
7939 79821
2258 9754
6697 46221
2172 51214
3524 25718
9384 14142
3492 93210
3988 72454
3808 6637
3534 60958
7956 49138
6913 45837
4145 95552
3936 14019
7987 33713
9783 37491
4626 68560
5495 16930
7417 99108
3287 78400
8074 71404
658 18488
6871 64240
553 95522
4108 8001
1621 39006
6634 43366
7662 47132
4552 66506
9445 87935
6072 22331
8550 88490
4610 62683
8541 12317
1280 69104
3614 99092
6966 25187
2641 58737
5060 97395
3629 13908
5785 21101
9449 104989
6189 45344
3011 30948
7758 34149
2251 6707
5042 32593
9939 94954
4951 24537
3350 58754
413 29026
2881 51558
1811 68587
8101 34581
290 19755
6563 12780
5532 58853
2318 28260
3388 19344
2228 82170
7536 89548
8670 58634
1194 10227
3258 100652
9950 33496
3511 26504
6801 90035
7527 18943
8638 41197
1184 56319
7393 29728
662 22793
4204 75101
4705 28959
3543 17725
465 3789
4804 51630
3225 49837
4803 37680
591 4239
4198 6553
5110 82160
3707 49736
1319 3451
1537 23702
2275 48482
4651 49166
5998 94898
1492 69172
5618 83752
1081 24435
4270 63872
3673 47732
5727 64367
8303 55359
8059 93551
6610 74009
8589 108201
6610 20359
2027 72107
8393 76822
5648 72976
8876 78755
2373 50063
7554 23524
780 77485
2866 54247
7297 65474
7789 59929
9826 101988
2888 23187
4199 48822
2209 47977
5974 67874
4914 76826
6319 34500
1358 75778
1552 62886
3329 28297
4036 55573
5731 33503
5557 29397
2815 80217
659 68527
5179 70934
7320 13890
6057 63182
7788 98824
323 69713
1672 68345
7922 48046
9908 102599
9348 49271
6080 96766
3758 16778
3560 21130
9419 18821
6464 7556
3501 77136
8434 13221
7716 98578
1356 4490
7244 101472
4067 48985
7631 44601
9258 15959
8806 77350
3285 35911
2349 28622
7828 87346
4339 95234
5632 64868
6960 9809
5777 8132
2739 47721
6902 59055
8386 76734
9215 52767
226 38361
1757 68763
2705 58196
565 84487
6635 42196
5064 23143
6797 10515
7035 7485
6206 64680
4463 10700
1267 19021
1290 17110
3704 3729
2885 66882
3566 12540
7788 29199
1444 41170
1018 32088
5082 91058
3472 70936
6112 51619
1021 76458
637 58146
8911 15292
1676 17797
5300 102339
8301 52726
8803 84263
8361 62706
2464 12193
1239 58392
6262 20929
9303 38243
4711 97917
690 84643
8104 13268
8399 71472
8992 64669
570 96917
2502 92339
3078 4358
9573 44716
2578 40878
1352 4036
4388 84024
6451 44920
9022 10912
8497 94780
5599 26512
9863 18154
1711 26411
9707 61064
184 17739
8725 19799
2456 48649
2797 12078
3764 66114
6322 91018
38 59222
5770 71848
5651 103419
8162 85984
1857 14149
9109 16082
2073 75280
9519 26016
6059 45650
6840 70051
2358 58916
6536 59080
4223 95957
47 74156
325 47650
8736 45780
8925 102142
3663 44241
8620 20052
3221 19637
5616 82484
777 99023
880 11998
7343 59659
6978 50764
3785 29802
8498 13958
9167 97836
8564 9479
4175 85418
4793 33009
7865 79419
2991 89492
9388 58132
9895 23933
8780 49519
975 59687
2084 7500
9587 105405
7725 14301
3718 79055
426 100365
6185 105428
7090 73922
270 21340
2682 58956
3088 101931
6811 95135
6990 72230
1429 97476
1449 30664
6897 78840
4977 42883
8102 98240
9569 89859
3304 65975
8773 102345
73 16527
3303 8704
9960 28567
7431 24011
2667 12293
5706 6360
7107 32323
2260 70929
725 21098
7668 107012
8787 93907
2941 5272
5619 57670
7320 30668
3174 27796
935 9413
1868 22026
604 87691
2108 10402
842 65394
4889 59493
8205 40667
2152 83403
4776 49658
2706 4465
435 58608
4048 75626
3569 58016
3012 73232
7694 13159
520 82410
573 69461
6834 69625
7126 67860
2062 42853
361 13054
6948 27203
4468 42210
9545 69157
3798 93375
5096 50412
9775 76945
9341 18042
3852 47674
3125 71196
4665 91711
5667 69302
9715 27793
2911 3593
6445 7287
8854 94666
6704 97412
4306 86911
801 38105
5733 102384
4108 38899
5624 32830
5696 93542
7399 67596
8339 58290
4083 95598
1418 34516
947 45945
4520 18550
5837 45463
1621 87017
6497 40981
9211 48916
7054 52964
3779 75650
1372 27043
1711 64017
3939 53181
9223 95474
6574 61621
3429 61185
3441 50120
7801 81847
2393 25449
170 15187
709 76050
2128 76178
2058 82198
3866 10088
2331 39963
1586 29157
4196 77516
8456 79680
4067 66158
4648 94103
945 25035
9542 37960
4777 4993
7886 20775
1445 72609
7354 106861
6910 92762
3901 57852
4691 87202
2868 100794
5184 68680
5627 16294
2665 59649
833 76253
9133 85992
5100 70371
469 27606
6568 15221
4636 98070
1118 57002
9230 12344
5493 27582
9673 45237
6377 26868
2503 16457
9265 19409
3486 87284
8374 37323
3134 97305
9205 83563
7168 51797
1921 96045
5327 22507
52 48666
5363 27154
7313 70537
7102 37269
8865 52996
4621 62917
5269 70758
4552 94917
5081 69176
9137 29650
7230 36307
1614 84341
1084 10438
6114 33696
7225 27152
2192 75276
8157 100352
3752 37232
1303 89508
5353 44860
4264 68705
5070 8556
2445 84162
6585 44742
1617 91438
7848 10642
8482 102941
9538 95401
1579 4693
9542 100624
1560 70776
871 20904
3466 67384
5780 87193
7401 89333
6445 12569
2443 9106
8242 16807
414 16556
1823 85525
6721 18422
3010 26118
4280 78659
1589 68743
5864 24482
122 75134
193 90731
1319 77360
5183 75549
4701 74372
887 56035
4848 22965
8867 16746
102 62048
3252 85051
2935 82291
2873 40144
5574 9393
1239 93257
166 43974
6652 79661
3992 68439
2450 98538
5036 39656
9978 47297
9035 23590
63 92902
7017 24499
9609 98912
7344 78935
8506 80702
485 39612
2734 89314
9020 51431
4347 48190
3862 86166
3766 12822
3005 10142
9965 78195
1973 41646
4679 57897
1160 30655
3840 63428
4245 29908
3413 93367
5826 38975
2782 17531
5645 5839
6715 7269
4261 47337
4105 63142
7476 100859
1169 69071
8552 57685
2982 79651
2565 29201
2907 15958
9775 39453
4940 94695
4520 72195
2896 58290
6477 55156
1055 37587
7833 23062
4263 4343
2859 19069
1689 23792
4687 48463
7965 25311
2276 78472
154 65700
9453 14817
9792 53507
9475 54959
6936 85748
8218 93865
1815 5421
6770 8413
8418 90146
5190 17088
8061 40669
8127 70106
1434 39061
7574 64858
7985 41415
4760 54372
2538 89797
3425 47567
6561 88136
4078 87980
3310 14642
4856 92235
9381 59614
539 23844
1175 48862
8791 66096
573 91996
8382 47895
4489 13450
6607 31063
1904 56160
6379 83434
6820 91928
7493 16459
1371 71363
476 18216
3124 87113
6274 94087
8170 47642
5736 46401
1556 32265
63 68920
9489 88353
4946 84732
6923 39065
2887 45343
4679 76347
1926 93256
25 29379
5689 25741
1737 3026
970 18524
3096 69698
3490 82572
7714 46760
2063 70354
9092 52794
9739 78207
4629 86624
1164 75154
8705 9521
8900 63671
8532 70028
4220 39080
481 96112
8256 35016
8552 64411
8414 80682
6633 73226
2789 47084
1630 80994
6499 92328
7052 51903
1143 43873
2292 79983
2931 17853
4858 18268
9301 94921
8388 54846
9973 11637
5788 64772
3983 75686
4165 64572
1041 78152
864 64724
975 77832
2461 73203
7491 21015
5806 31062
9879 53938
4476 35037
6002 29854
5276 62665
8228 43296
8706 71005
6185 55975
7123 58897
4388 4463
6244 91344
7963 93390
9633 56832
9298 19177
4241 72447
147 50623
9076 51105
3579 66660
193 11495
7652 68892
1357 10068
9445 83117
7445 11145
9125 104183
754 53001
4639 78233
9508 57539
6926 15264
3035 74955
3682 14458
6325 26786
6949 93925
3795 97562
8574 29588
125 13565
5258 40183
180 13775
8773 65384
8290 62279
436 83940
8947 19429
3929 89415
390 92653
3650 99614
2390 96121
2881 37133
2430 96400
2572 11482
599 6756
2341 27079
1021 13641
8691 45594
7060 25702
9617 35533
7884 27820
4323 8707
6844 36508
5653 13742
3487 41013
9506 95088
5827 95559
5779 93328
6119 65914
1635 17183
6417 36112
2887 63674
8399 106122
1078 30971
1210 67280
9528 43020
8486 86047
5230 83131
7978 57472
7072 38755
6755 51392
7552 29590
1887 42004
5800 20401
6975 12474
4686 24756
8004 56909
5534 39839
1618 62912
2193 19105
8039 53272
8775 94183
8155 77404
8696 66711
943 11980
2800 85045
7300 77751
3541 23805
7775 61953
6646 50918
608 62447
6275 16082
7918 17355
6776 24851
5770 60446
1326 51482
6686 84157
4465 98687
4773 90401
2501 74091
3864 21264
6750 45186
4871 36977
6017 41805
6269 72323
3844 91175
5781 51580
6053 84852
6987 65623
3622 5801
4933 57153
4535 41629
7484 39167
6900 69429
8195 41153
4794 10058
5383 86312
7970 71506
2526 14780
9267 11318
9753 78730
215 66823
9818 38404
1909 34748
1129 92007
170 62562
6395 21946
6264 70679
1948 95222
3078 82460
1506 17754
377 1851
7710 26887
8982 55461
7618 95819
2443 46308
5322 38128
5876 83900
2027 88563
2253 23444
2411 2770
9895 85858
7550 22097
7186 14332
8363 101932
9499 45549
9568 90968
5825 56557
6263 11640
9383 29259
1596 101218
6119 55150
9848 16866
225 22434
9026 48982
5077 89798
4405 90918
9035 21018
5724 8824
6697 29365
739 11559
8081 23498
4506 6723
5480 82798
2777 90740
9547 11758
5409 41840
3303 21702
3414 100720
5102 20287
9138 100470
4856 26267
2177 97864
4212 15769
5024 102868
5308 53307
2833 78753
5194 43764
4897 79550
1715 82625
9840 27480
3019 29856
9839 68485
5941 39095
733 54782
9432 99427
3009 79169
7264 68033
8364 90154
5048 18573
8183 95458
4504 42376
4868 16310
399 11105
7167 14019
6035 74192
3100 84031
359 28625
7209 48897
4697 5287
7429 73166
1315 33526
9266 95248
6610 79320
4022 99635
4264 83075
9127 82756
7161 70301
4557 100744
6675 19413
7566 58520
2056 26857
6326 44430
9766 17637
2602 95407
8412 101303
478 24488
7669 22414
4681 51895
1112 95954
8815 17117
7978 47565
173 92641
8841 84373
2368 9918
3521 62421
3793 40952
6507 106402
2368 15567
9084 29096
461 57510
6685 95420
6000 69704
225 23852
2460 96265
5429 13941
3237 3465
5366 20191
2469 19983
244 3489
3750 28942
4477 10635
145 63075
9326 24352
9946 87170
4855 82485
1779 73907
212 16367
1950 76283
4871 94913
8958 14654
3723 8570
8823 24196
4224 11973
8951 22838
2742 6136
8408 40570
2428 57792
1643 61371
5919 15283
133 54173
4547 48928
6109 7831
117 5083
1264 38151
3523 90516
2731 69227
8020 59342
7538 53990
2224 64381
1987 23837
4716 37363
8158 12639
4773 38416
1375 29859
1140 85774
6934 39009
2089 28843
893 15385
1451 69595
6283 47212
814 16528
7930 70877
7508 68942
7599 56750
5579 67274
5452 82521
9249 53359
4869 87042
1370 43723
3220 81229
1945 58888
2233 35798
3110 33065
492 31658
6596 58961
4925 55476
348 43496
2624 69795
5691 105361
5185 74148
8274 10446
9362 82572
6667 31328
490 87740
8220 52841
2542 32908
4891 48655
9267 68802
779 68302
6825 55142
7394 31786
9158 26072
9791 30414
9736 15639
1365 28869
7202 24366
2719 57735
5919 12267
990 64196
272 60333
3061 12830
1727 94434
3488 51593
6226 41326
4025 10783
2245 100310
3087 90944
6044 100998
752 100491
8821 54847
712 63152
5573 17249
6105 54777
5589 24811
8356 29950
394 93133
4432 75713
9960 64763
4456 80060
8717 81426
3416 7888
1258 96792
2320 12455
4843 37214
2986 66845
2001 7610
1481 33546
6934 22983
8829 86121
5343 32051
3855 53023
8277 14271
7340 7879
2363 60332
1646 63917
2472 101315
9137 60854
4676 65281
4108 94407
2514 41846
4426 104145
9910 80251
1210 84094
6654 30238
5586 51059
7276 75812
3527 65448
7360 34877
9556 49145
7907 101242
4209 34107
4906 24510
4825 50750
9497 16902
8189 24611
8105 77714
2872 15987
4139 61787
1164 97695
1713 79820
3842 63363
4600 31389
324 73220
4467 90248
1535 50450
570 83807
2222 65024
9246 96349
7417 32552
5240 16616
7639 70689
977 67273
8250 59034
4995 83168
7526 82418
2879 64785
4148 27200
1357 54345
7788 9334
2223 58514
562 55658
2611 29545
4302 69562
3918 47975
1617 39234
8526 37821
808 89414
3497 28141
4471 44866
2219 26141
7203 64586
5901 70056
6809 36456
1986 28878
7329 48594
516 66745
2009 50126
7961 82507
2092 64175
8330 83316
979 60273
2381 27398
69 21449
551 13755
3717 22901
1134 18936
213 77297
2262 90290
9475 41153
2327 20583
5129 97961
669 31195
4635 69192
1153 99212
416 75371
842 43382
4797 102441
1902 18829
4111 26087
2632 62806
8165 107033
6234 76158
158 67710
9836 47030
5648 10518
107 7132
5880 32870
8728 32069
4802 65800
2767 30121
8615 55362
8109 16287
9980 69747
3209 66201
8851 100022
2403 11120
4821 50658
9663 96143
1073 59638
1015 73429
7432 13992
6615 73466
9403 76483
4098 48850
8107 77269
3172 88410
7656 56018
4060 51863
1253 65225
8318 57057
2946 71510
9322 46921
7041 48655
5131 21624
9496 10210
2936 8202
6214 77587
2451 58879
2805 54972
3383 52859
9978 104231
8088 9000
1397 8110
8480 85662
2004 58352
2544 17159
4672 19832
4038 18699
7493 78143
1609 25738
4790 26568
8736 64195
9774 85182
4792 58525
4020 86303
3980 41161
3536 102321
4438 41931
3082 62157
1594 5519
7053 53168
1685 46747
9981 51303
1310 42636
3298 16887
4152 51091
2079 74046
6135 69987
3921 33271
6608 99520
5388 94442
575 10161
11 31631
467 54640
3504 80806
4436 71623
1503 60183
3754 86990
1788 14219
6576 32439
5985 54982
5190 34545
7387 106273
1568 23672
2025 58643
8280 68615
3696 29542
2254 63458
4722 97849
8897 41847
7154 48018
1985 100339
1127 81304
1482 4662
9664 34422
1187 65384
7834 103289
8499 46080
7135 31520
1325 25503
1773 6826
9639 48480
7847 99242
3035 38344
7030 26127
5902 26356
2892 43623
4447 53724
6041 14483
216 36755
3257 87203
1915 14476
8570 10922
2875 72415
5891 47736
8028 34570
4675 38795
4320 95258
6417 88371
1512 16976
6966 44170
9361 25427
5987 42109
6690 30449
5159 35008
8957 72360
3312 52465
8461 18190
9495 72585
9907 74847
3680 72248
9187 89158
6719 24710
5552 23767
8972 64544
6419 49701
1069 11595
8898 102588
8536 27096
8562 79116
3901 63468
846 7808
1828 16333
5367 7352
7023 37494
92 95052
5332 65618
244 89625
9399 64424
1154 18389
6505 100902
4326 82117
4725 13971
4947 33179
4493 32806
1486 47034
8929 27402
3797 55469
7512 29437
9987 16361
5682 57198
2416 38826
2713 47798
8845 36943
1963 77461
4616 68674
5059 45158
6522 8025
7974 11684
9496 10156
5674 44837
7430 75652
4419 21079
3217 87171
2435 102396
626 25044
8799 79948
7772 76493
3215 63690
9822 89701
7584 106638
2461 86927
6855 100049
1000 53251
5260 102568
5041 67147
1669 47111
6786 35569
1851 89864
7212 34636
1020 70139
7951 52133
604 79757
5977 102770
7310 42139
3072 87128
9682 101665
904 83569
7218 40080
2563 42666
2050 74758
7441 102304
3780 39341
6431 88508
5242 62912
7837 33595
2737 23693
599 49325
4796 26047
8300 71029
7349 88496
3493 80928
7886 49611
9979 30172
1240 38957
7281 82061
6143 72086
5889 48975
2747 70729
6566 28085
3277 67738
5681 14684
7004 74379
3383 61507
6297 8744
2507 59228
8209 87200
5209 59108
4058 90255
1763 78743
6653 105587
4725 31930
5452 20623
2811 8631
7107 73851
9901 51113
6105 87406
6684 78467
1200 34776
9094 36616
2312 11023
5674 32596
658 32464
3713 102801
509 100477
3109 55517
5840 81538
2669 55830
9509 70371
2508 9675
9837 21222
3351 42682
519 68347
2867 97294
3478 59434
425 95873
3357 97621
3178 37142
3378 65256
9512 85225
8265 82077
2398 24497
2019 25152
8682 50655
7118 51524
1037 10981
4887 25706
3274 27734
9654 35419
7414 82906
6631 35719
1379 61280
994 71799
9772 100787
847 78225
1798 40231
1187 5920
5212 104492
8810 61826
1037 12748
193 69067
7266 75126
8387 39247
1014 9411
7143 74800
888 52235
4701 53295
3608 51277
6689 69893
557 61299
1987 74545
9735 83722
2996 56060
9873 87090
7592 50333
182 42495
7385 81798
3192 87484
8260 100835
6665 55860
1813 22502
7653 103334
9483 34873
4523 18227
2653 30920
7492 16723
356 76158
5046 104782
6431 42738
301 49303
2024 7595
9907 14478
8998 37480
5061 36225
5050 37784
5385 91538
6672 80661
4677 78575
201 74432
7701 40038
4943 9946
6005 63984
9181 57170
7681 65010
4285 34700
7358 67489
3735 59281
3329 96489
6459 26704
2951 17608
7971 31258
7982 26257
1718 101133
7324 9093
2057 98215
3794 71127
6691 90105
8324 32173
4600 94421
8924 47429
7663 66059
454 71671
8269 106166
976 37421
3236 96470
6807 79661
8545 75352
3651 42145
3358 67998
4604 12575
392 70035
9280 54273
7512 93478
9415 12491
1917 80468
8594 51735
4188 7530
3816 16443
6678 53981
6046 11809
5292 97430
368 61872
549 98377
1795 5623
9892 103137
7171 61622
6611 43370
2595 79108
6816 75726
665 60387
7489 50215
2985 30026
4553 30168
9286 85548
3884 95803
9474 56290
5027 69151
7745 22013
2145 54880
2511 61340
6833 31638
5551 40178
2239 78261
8966 84771
9199 85603
2021 88593
7519 21220
2009 32342
1838 2741
9661 76016
4168 101044
7523 89124
6784 65912
3599 62077
343 85446
5076 61403
8022 54532
1229 40840
5411 83669
9436 106820
4323 29156
4470 104298
6000 24179
296 60342
9378 76511
2181 3599
4286 37996
232 3926
8323 19427
2681 11738
9787 42170
7761 38262
1090 83738
2489 80025
5544 16243
5921 69409
8922 27418
3128 77992
1223 45266
244 13018
5941 104197
8933 42693
2197 53249
423 59760
4471 53981
5577 56896
4319 73592
4457 8457
4137 18877
7898 32338
2373 96835
731 36627
5030 31582
1824 97964
3687 16484
4639 42267
5422 47180
3439 97085
1616 89710
9369 50241
1046 79322
1884 33699
7874 76425
969 29013
9311 64702
3341 43211
2318 19075
109 59579
3335 66827
6840 75860
9236 11932
7893 40531
2063 25143
2555 93607
8599 90043
5103 29694
3867 11254
10 5308
3255 43734
8702 52706
9558 87114
7231 11273
4500 43871
638 30522
1098 50231
7703 11375
8208 65419
2878 44718
8458 93236
9917 11710
1665 3219
4145 12097
9752 67609
8751 47452
8740 99688
6747 23014
4835 45471
6298 86455
398 83866
2357 9087
7190 89068
6287 70102
8793 107809
1050 11844
1894 4141
4870 58560
3397 88951
9060 23258
3779 28773
3324 100549
1021 26097
386 63105
7819 52728
3694 23683
9237 59557
5757 51970
3566 48975
6258 77203
2959 41190
2386 84014
462 87965
4927 21986
2935 28772
6225 102154
2105 65704
8969 94979
6448 60549
9175 88997
2591 79986
5644 54781
8323 38583
547 88131
7656 9604
8710 96645
6210 71091
7582 78369
4107 26690
111 20297
1077 42675
8246 18124
4957 71293
3253 29885
8356 15538
3407 8056
8353 10621
7480 80386
686 54960
2957 72793
9855 32722
5698 62825
1208 93358
7445 33029
5499 59025
2116 85369
9353 11223
8056 51447
706 26305
4666 23962
1883 70624
8744 97375
2421 59689
9290 98467
423 39024
9586 55239
9733 44876
5908 31736
6294 30122
2245 88466
2855 45869
3085 68020
8394 94938
6653 49552
3972 75855
3889 85548
611 31975
12 14380
4187 8640
4193 39582
5261 20259
3593 50973
6921 31642
5024 41675
9413 40628
2478 31774
931 27092
4859 84408
4696 44333
1278 69494
5114 55614
2414 54664
1494 53620
2997 62034
9052 89208
8200 16058
5067 8768
7770 11399
9759 39056
9116 90181
78 9399
6432 9202
3321 61195
2816 82017
1801 37413
2727 48335
3906 13150
2931 82665
4962 90183
5946 57538
6760 10195
5684 40816
4343 33240
3974 94811
5310 18323
9635 47600
8852 97669
2942 101715
4122 85145
7274 34061
1477 62621
8481 16599
4686 87995
4072 70456
511 85575
6563 43220
7527 73011
4232 65468
8825 106109
5254 56825
5773 17618
8275 89440
5833 86743
514 67976
4930 89871
2989 84005
5253 41369
8774 48979
4920 87900
9992 11359
4497 62653
1968 45236
3846 52130
9670 19574
201 17919
1290 93382
6020 72162
8634 101748
748 80425
3705 90295
338 26721
5411 18065
1663 2454
3819 33513
2293 60023
888 43307
7419 28155
9951 103337
7109 53901
8685 18460
588 4261
6086 47408
5307 21132
937 35126
8626 108598
5654 101736
803 57377
6230 96078
1274 80810
6433 44793
5511 27003
8330 32953
9944 55626
1551 97097
3529 97595
1663 21701
2523 20468
3178 55325
5804 41898
1908 68531
8869 82593
8323 75140
1232 21538
9363 74699
4141 93480
3985 71363
8240 43680
6348 43269
7836 101012
537 74282
6681 32537
3114 3194
2485 87864
1330 53264
6947 32185
3590 8504
7169 46524
3155 5410
7861 94171
8143 90714
2291 39781
2533 73664
7422 30852
8172 25606
1680 64139
4073 47248
9714 108054
9357 97031
466 71759
6070 35318
990 68940
5428 47610
9802 35222
3189 89491
9711 93778
4444 40763
1038 91135
4715 45121
8203 34806
1807 83909
5263 97256
5012 36655
5436 97172
1595 18174
3198 53987
5385 101714
6184 53940
4847 22465
8374 75085
2645 101806
4470 38382
9222 42428
6887 93887
6926 68207
3422 88719
1666 29537
9324 30736
3667 19495
9446 17305
1792 5120
2061 78342
7700 54722
6927 61746
3259 62142
3670 56495
6834 30843
4871 40244
5365 84207
4018 20606
9921 45846
5141 32967
5620 101359
2536 44336
6476 20595
1398 98868
1208 41484
2901 4468
820 42433
8698 27986
7435 87674
7987 96388
2555 39281
4400 68214
1590 70668
6506 94043
4523 79856
7101 73825
770 99642
8345 55108
6451 11606
5818 47187
1953 32750
5550 13435
8888 58027
9010 38525
9179 88868
5100 99993
2202 101860
336 87553
1834 36183
4738 66182
2190 29522
4145 36889
9270 90457
1994 49290
5265 14196
4793 23265
9787 104303
7004 25505
3474 101317
9352 40324
7187 54864
5055 97292
3797 23977
3051 45614
120 59504
718 36652
9852 107101
9291 102254
6776 37736
533 93134
7139 19584
854 21744
4996 45999
8659 93479
4507 21811
9745 12523
6125 22431
3743 98348
5053 85115
9799 100079
4850 45462
1976 93613
8737 89335
8134 65497
2226 48273
7249 35436
6113 9612
1100 49088
2974 15125
6896 90540
3551 29035
9518 84180
9379 33734
4128 70436
3921 91781
8302 10208
4455 98589
5426 53204
1589 53430
8594 91243
3332 46541
8791 42044
7368 20794
5457 96613
3235 54053
9562 89812
24 50363
883 32069
2140 49151
8335 27853
2673 33686
604 25305
8952 12657
9261 11959
7037 42774
1757 30464
6555 36628
7445 42485
5936 26310
4361 40530
1823 94235
5930 8263
8881 23582
9783 46176
5813 98509
4030 64229
5274 38176
9986 75696
8677 28357
4522 6798
904 87308
6321 8566
6281 103626
4822 22884
3679 90606
2564 35825
8323 53679
1789 56167
1198 43580
1744 48317
5210 11418
4316 36006
562 73203
6740 100783
1030 59658
9550 31542
5901 45081
8695 77762
1442 71788
4613 26458
3459 59572
7597 60248
1245 63080
6545 65364
4867 94860
401 29708
5715 11930
6058 23658
7785 29545
8664 76770
3369 24872
1431 44948
5797 85314
6574 76270
4173 60252
9341 16293
4678 74379
6216 28419
7626 84892
4820 82167
5125 22612
6177 62980
4647 16420
3677 7078
9307 43243
4086 6662
6285 11408
6370 78129
934 60963
4307 79362
361 43853
9008 27502
4553 28800
4575 102940
9259 59542
4724 67923
7682 98996
9665 61316
6756 31831
5729 32869
2373 62440
9788 84333
5987 36136
8491 43891
5741 63158
9777 21839
3736 33287
1090 100551
6600 18311
5819 8673
3906 87023
1047 13183
10000 108850
3721 72493
1495 6037
7347 28297
3929 56310
843 24228
3827 32923
2655 12561
3375 71001
2756 98921
6148 76604
1696 5290
7384 62426
2225 65185
227 68357
1973 27877
1040 49266
8021 21796
4375 95933
7125 47577
303 9028
2646 11177
8418 30872
5049 33415
751 68545
7739 83682
9729 12710
8135 45884
8309 23527
5411 20052
3320 78090
7401 84846
8157 69285
648 96236
1657 1674
2948 20688
9549 37921
4759 74647
4425 20803
54 23452
8468 78152
4224 82093
2946 38364
1413 10799
1184 47829
148 16582
271 71160
5233 5638
1667 79763
4193 90049
7058 68317
4310 80012
6148 48771
1189 98389
9045 93894
751 94284
1947 97017
1513 14286
8522 96378
1206 20072
1153 66065
248 46143
8554 101843
5178 27284
4098 89134
9200 41116
2129 34390
4711 80823
7705 23808
9872 16237
8773 18065
4308 86580
6259 22629
2553 32982
7075 37245
3815 73806
9510 61609
8073 29044
9092 9372
6316 51318
2049 88065
7652 83177
4982 22592
6635 40002
5989 34155
4087 79246
6724 96123
8814 30885
7922 74964
7547 107144
3877 33826
6375 92163
1280 13046
6125 66893
9945 107663
3481 49548
3238 69280
8366 80842
5286 30087
4881 33708
4908 57683
1574 51530
8436 18989
876 3879
7098 49520
4220 24850
814 62621
7219 15120
1509 56222
1101 28894
5664 29341
43 85829
3889 93696
8173 29767
3620 85399
787 57412
3016 20715
1722 55027
6763 31477
9908 13157
1192 42965
1803 13304
6414 23984
9595 26187
5224 65099
3472 27455
9992 100754
7459 81645
8373 17823
3149 53072
1186 51370
8021 50775
286 56918
1138 53093
9978 109036
7090 71755
6394 65888
6654 38446
6970 30556
7423 71379
9078 20656
2596 95759
8940 55812
9444 104248
1200 35509
1255 68506
6947 105269
1800 34952
9651 76722
5273 33846
8433 17742
729 96121
3613 47689
1772 84408
1044 70827
7588 74154
6651 60516
2656 52742
3649 76160
4886 97579
1338 94231
2632 72592
2846 12927
7863 36641
3764 97703
9631 50621
6145 88612
2590 19095
3888 63589
9715 71312
3608 44671
4612 83368
8128 63954
1952 24613
6354 22150
9074 44723
6147 83497
3768 3960
6479 91300
4908 16418
4626 73813
3936 77017
3253 73438
8470 63044
169 95870
2027 54983
7277 56525
8634 89250
8301 98662
3567 68513
1963 37153
6297 8202
9736 14371
9275 74062
2802 35990
8230 20279
852 90396
9498 19124
707 83192
117 62724
4643 63653
5794 16690
1783 9541
7361 35755
4127 56108
8052 102056
701 71419
3636 24297
2348 21937
1621 24078
9957 89589
3175 30260
1910 85663
2987 64008
5688 6001
3574 84728
19 79520
7242 91915
6483 99882
2334 29797
8419 40664
758 92207
3139 25462
7388 56155
2670 23683
4679 80589
2350 30013
3760 96654
2922 44225
4286 5263
6741 10626
5707 20732
1914 70451
6915 60698
3845 93530
9697 75005
8373 32216
7207 48101
8148 104427
5387 93501
8053 23233
4204 70865
5509 58525
5055 46430
7232 70526
5555 100237
7537 104504
976 39830
8906 78813
8990 66427
3815 58735
9688 18750
6180 46426
7808 72307
4424 12232
125 38420
9317 57998
9063 52548
7102 10027
4170 47320
8373 52063
7488 104299
3386 34313
1328 48182
5337 16674
5893 32325
6606 72018
5204 55338
5235 65097
5293 71715
7927 98054
5730 46336
3791 5145
767 40547
610 35285
6640 106256
1199 45843
7889 67127
4157 34686
2465 7152
528 25474
7546 92853
2279 65526
9671 37263
1019 44929
4539 39332
8716 58118
9678 44247
4045 49005
7593 28812
6838 61416
5563 26030
4847 89481
3301 79140
8426 68705
2565 55330
4447 61245
198 51741
1252 75050
7423 93898
6118 88179
353 78536
5020 48602
4377 50621
1967 39904
1847 60856
1023 42418
549 3561
2753 22320
781 20965
6720 13075
7743 101680
8380 92967
7683 63917
29 96053
2564 84296
1896 80741
7679 25385
865 32221
9916 90353
4949 27187
4073 46253
1748 17462
5669 65849
4846 104104
3975 71034
8933 18140
4263 29170
2401 89140
6939 86854
9712 60064
5842 82921
150 92406
4724 11962
515 30249
833 54104
9656 49511
9794 85936
4724 48735
9840 74043
1400 22551
6483 57145
9342 103251
5653 49930
3854 92555
5906 56590
1886 16388
7554 76661
5294 18759
2876 49448
2879 79643
7869 57465
487 33469
7735 60789
9745 65923
977 50312
413 66529
7655 61866
3159 8629
8044 88253
8100 32182
5422 78659
1184 23219
833 28134
1442 12020
3984 90526
8874 23647
1873 64610
2916 18107
5598 44677
2469 93240
4890 55184
4293 5099
4206 42791
8624 19103
7040 47925
7200 60233
6601 31725
4969 89612
9988 52553
4724 71774
4217 26200
1552 23473
929 94866
9691 106367
5637 75294
1935 22112
6710 39856
630 28786
9199 24203
7847 43914
4257 45909
7891 55465
3963 59587
9839 29167
9804 50166
9557 58382
2526 19146
2512 37323
5981 69511
2332 48492
1673 19272
6319 49786
3504 58054
1689 29180
918 56881
9409 35959
8721 93965
3489 16077
7572 29747
450 74947
7064 37288
5690 91770
5244 86673
8125 68949
2814 22294
7928 72354
4817 57262
8364 84362
293 34544
6874 16986
7296 36247
9629 45273
87 77722
6399 92966
3317 39599
2051 54687
3233 39992
9598 20060
6504 65284
7034 10850
1360 48285
5190 68106
9110 30451
1766 29811
1233 46264
5325 68517
2256 99203
7347 44903
1855 80527
5894 39069
8905 14137
5717 53668
1038 18480
425 63537
9232 81230
9556 90733
6194 94708
6434 84157
6177 101351
1185 45492
7006 30208
752 76024
9567 40986
7763 30189
3672 81638
5143 21865
1436 83697
461 57122
6651 22048
935 33698
2510 94563
6720 30157
9301 49078
1035 53181
4972 78022
6538 76723
2314 17531
6465 50637
6016 31810
1809 98943
1164 53161
6017 32278
7247 55322
5370 27264
3487 7526
8303 99801
1109 49295
6194 15696
1959 7816
7396 90185
1432 100883
3036 51126
2838 77405
3828 102982
508 96815
9295 39391
2043 39997
338 50923
1264 30131
7231 86733
2925 6955
5407 89193
564 80657
922 3295
3136 46872
9512 89167
6727 92311
9202 43985
1256 22040
7133 15844
8954 107530
6639 80086
7045 93869
4948 50887
8533 97120
6669 31187
964 78180
3727 29524
5113 83072
664 35332
6767 58697
1872 71469
3290 54908
2448 94716
4719 96659
1313 33651
7046 22257
8954 108409
4867 101451
5566 55121
3895 87476
1707 71850
5035 18429
5841 7773
4015 33628
2864 58367
6817 25233
3249 75000
5795 42542
1599 68627
7784 44853
7405 28932
2291 47394
9357 39472
4610 97696
5859 15683
3083 74964
8100 53549
1514 79941
8010 73862
1596 11738
410 21808
6009 56334
5498 70621
6374 77542
9692 104347
8939 12303
828 84471
3023 61844
4165 21080
1801 37175
9438 17525
7657 48836
605 91882
7582 31617
4858 61680
4018 75069
1329 86402
8860 64987
5931 101267
9167 78045
1737 94641
1492 7385
6278 59646
9387 67514
9818 106884
5363 78365
5117 86599
6559 32020
6891 25872
265 98850
8724 97490
7694 48266
1618 38488
1472 11846
868 58339
4714 24390
5881 76355
5269 87817
8406 60819
7771 26316
3967 75612
5972 40208
1180 40533
7179 98664
1925 86198
4151 22153
8189 70172
8026 10682
9983 28588
4088 30525
6589 52708
3010 45666
2793 91350
7854 25357
5388 79885
9342 63227
1755 21473
3700 13390
4520 25526
9617 60849
2708 6963
2576 74821
6072 10645
7420 12278
5063 49138
1703 88485
4543 12346
5374 89087
4532 73733
1857 60013
4813 43646
5315 34948
7681 102267
8399 79274
8673 80322
5308 11773
595 76982
1170 78696
6628 52278
167 16946
9491 75061
2252 17493
1335 50566
1633 37180
90 18647
129 49172
3574 25668
3146 56374
1820 96114
6260 76157
2117 57492
9769 54334
5205 17165
94 77807
6645 15585
4259 30156
5933 45027
6189 38107
5064 82532
836 70911
8058 18814
2643 77703
2598 91530
2839 66232
8545 14338
9324 58600
8210 61711
8225 13451
2099 28023
1969 20817
7648 60759
619 76011
1923 83194
6645 41483
2846 28289
5832 56089
4135 47292
1924 8501
7054 56339
5474 42983
779 53887
9411 94262
5347 79779
9558 15934
3327 100248
9323 14776
664 90492
4829 67063
9148 102703
1872 77061
6000 75296
8783 51518
1553 86347
9107 36506
899 16101
2125 72257
6845 57284
1984 3957
8464 47631
6697 72342
5703 35682
4116 45090
571 3133
475 27793
4336 71184
2878 53409
6117 93386
4334 56035
2787 17752
4750 21194
8800 67851
7828 17159
2349 36810
2521 90963
6642 18282
1550 94482
5939 78854
5407 68040
5104 103272
4041 6934
2908 48661
5458 97719
8870 107878
9320 50763
3018 7865
3868 67103
4561 88845
8639 91728
5587 70475
8892 75998
1648 94915
8637 85217
2066 28589
370 39977
9717 37597
8922 37653
4959 88927
9171 12764
2982 33509
2976 67378
3635 59299
5438 61122
8075 73386
8108 54183
5202 67187
6916 69844
4525 81166
936 78757
8542 33259
3158 67325
960 54648
7329 35511
216 6798
2611 88629
8351 24050
1498 79445
6100 12886
5567 28045
8043 71993
66 52813
1391 34846
7379 10530
8122 63752
7221 95267
5290 103006
6277 71236
9124 21508
8931 65732
178 50901
6464 104991
1825 84100
2279 80670
5700 50010
9227 61369
4842 86880
6930 28188
8700 56169
8476 34714
8192 23846
6927 90145
1204 5590
5954 67931
5728 72342
7908 73324
5605 51550
5950 41392
9576 77262
2633 60673
5407 70314
2425 36767
6541 77762
2543 91171
9824 17815
2863 10488
5192 97706
8602 16111
7097 102209
4842 29328
7299 77854
7272 42803
2548 49720
5896 40414
5656 44096
7211 96404
155 65130
431 50525
7284 84836
6361 65832
5550 13280
7891 18747
3634 68993
5060 37086
3984 56905
4702 56390
8470 102072
8383 38439
9246 27257
5410 79828
5883 62535
5164 76229
7929 65703
5920 74179
8710 27905
4187 17888
4000 15555
7038 29415
9688 92235
8183 69646
7262 64741
2328 9722
6213 74954
5462 20264
1876 34243
8984 53146
8395 35811
626 8161
6001 18680
5812 93547
1433 69522
3898 51276
4748 92826
7226 7677
2741 86085
4953 99191
643 32085
1664 91096
144 83461
170 85935
1357 70102
3305 47558
2190 80107
1771 86950
8683 66221
9277 80176
9159 48367
8432 13185
4737 47857
141 44843
3225 46468
4520 9333
2494 90410
8440 54114
9961 32214
6847 26955
1747 68766
6285 65574
9821 107401
9459 55248
935 29740
6620 35972
121 87107
516 50614
9289 31753
6876 82803
8912 46870
2802 92296
3081 5803
8449 48064
2187 12978
6520 90104
8963 99343
4739 22885
2493 55093
7620 27353
7960 42107
1497 27796
1106 89113
1369 52840
849 18814
5457 30172
7214 92188
8496 95508
4314 95668
9343 43843
5186 57600
3547 37406
760 88670
6878 69634
2041 5308
5145 28970
8677 95324
4386 52939
5775 38542
2932 5511
8704 29759
4294 45279
4957 69761
3118 55142
1380 68395
8707 36789
2008 2501
3658 35138
2457 9037
9113 97018
7119 66031
6981 46960
2783 11959
1690 3334
6345 12741
7184 63677
3742 35375
1711 17379
1207 8355
1525 27639
7017 75965
2295 93080
7603 24844
6018 29307
5533 14902
8971 37077
5793 90120
9800 74038
9676 68305
4819 32372
1825 17003
9086 82912
6227 48469
479 26061
3410 101192
9655 36733
6958 86728
1546 31807
3175 11054
1502 43619
6882 102820
4092 20892
3835 22229
7044 11157
2414 99087
6985 33807
7795 37953
7462 43182
2908 52441
9379 61602
5319 6507
3473 31430
5925 40079
1587 22909
6416 16643
1552 76176
4588 99658
9649 61670
2595 51997
6344 48245
7176 105505
1570 100361
3796 43472
2473 61573
7215 57136
4614 12407
3833 99951
3081 13724
5609 19860
1993 17716
2248 40149
4555 76618
7859 77495
7473 70146
8198 91652
2608 97522
7091 68821
6632 84725
8142 74709
5585 79083
2315 9424
2366 49590
4393 60513
3378 28783
6464 51463
396 22412
159 70220
5781 27626
2266 55039
8382 70651
4977 91239
9925 30806
5 68345
9021 12320
5806 14678
8679 11346
1699 9216
9930 26715
506 30132
138 16709
8469 91468
4545 89643
1765 61068
4374 88710
7131 55337
4597 35175
9155 101530
1773 69918
5078 30564
9529 52495
5767 95747
2332 31373
7284 55669
2701 50252
2331 48467
1560 93715
5386 65860
1678 39243
9393 16792
2337 64882
2342 99791
8387 41308
6166 9950
1152 97237
3361 16638
5113 47098
3307 96009
3218 91044
3153 68511
1846 17711
1829 21676
4504 58823
7388 27735
1047 26930
5454 48609
2273 49426
2462 79291
2994 33535
6357 99283
8692 19170
4403 80089
5523 39156
7438 50294
7013 15093
6245 28397
6097 41943
5605 103734
5288 51917
115 82911
6106 41653
7732 35354
2609 12046
8270 13603
2751 24448
296 50777
2465 93789
6416 57768
1630 43380
3702 17082
8842 51931
4026 28774
6942 85005
7066 69750
6314 102734
4003 98364
2597 88089
435 58911
4750 9029
297 91083
6728 52894
8217 52584
2058 31853
9410 18473
8663 89746
8781 88372
654 35716
9099 23591
1440 27772
9980 92302
2566 72648
3950 46153
2192 21320
4263 96497
1380 55359
8221 47274
2214 13252
3888 96427
7965 30916
2507 9240
2945 49648
2579 21866
4515 61344
2574 63924
6829 20570
8803 43700
6602 45190
7880 80660
504 32285
8441 24596
9312 87833
9872 43297
4380 87931
6073 14925
843 58405
8778 90990
8728 18173
7566 89804
512 75724
6391 88103
5244 62650
117 865
3909 73387
1506 17983
9626 33259
3359 60643
5970 70398
1160 51511
2163 45675
4609 49201
9321 27119
3515 24240
3333 26513
9699 68548
2432 42484
4437 99948
7743 10553
4870 29076
9010 48478
4720 71550
3175 46564
5365 45503
3795 27197
3776 48732
4794 35972
3163 6575
378 24386
6832 96603
9585 25597
5673 15406
403 66336
2962 77191
228 71602
7726 84374
9462 90956
8570 94952
543 76880
3756 73156
2424 32755
3110 26045
5546 77567
418 82258
9831 13162
3375 19886
5442 74503
4332 11943
3852 15254
6557 26828
5647 56430
9619 82644
2649 102301
666 93864
6667 104982
8302 35569
2998 57541
3251 60522
4769 36090
55 31415
5551 67838
3672 45460
2188 59334
7110 64967
5265 92563
4304 6984
192 12349
6621 11220
709 62058
4000 77586
1292 89225
7532 67151
6259 85929
2188 57369
7284 99211
6626 69105
1315 16510
338 78014
1699 20921
8209 23193
2395 54700
8860 31658
6570 45461
9473 15915
1699 51897
729 27054
7139 20542
9171 47443
7704 105762
2860 78939
9456 38432
164 90166
531 65829
397 95777
5869 69580
8699 37024
5908 40287
4935 16118
9005 10845
3621 55077
1271 7091
7022 106238
7346 97616
1823 8834
9497 61772
6056 33028
3482 43703
8309 93070
3154 101294
8049 91540
112 58367
2741 95726
1593 100756
5487 11634
820 13278
6514 32671
7421 100911
5242 54341
1093 5776
6714 96302
4278 76116
2454 84973
2762 49789
2319 40436
9501 52308
9234 45022
792 41950
509 8744
4886 27508
8090 29084
3389 30254
9710 22458
8157 90817
74 39615
2194 94197
5751 101185
2027 4171
8133 17394
5274 33326
5516 84369
6933 71477
721 83193
268 32242
1248 2630
3380 36956
2948 59833
420 32424
4667 6521
7114 42888
7497 29965
8898 32129
9931 91341
8358 85265
2167 84241
7749 17094
2058 10293
425 65698
9973 91905
3539 69139
1837 5255
5909 88891
8681 36647
1894 50531
8596 47342
3725 77774
3160 61275
8464 80371
3685 93571
4267 84125
5867 83020
347 41725
9953 35793
4886 6102
9105 49900
3839 25091
6632 95323
9193 15453
4069 59366
5899 84130
5901 22194
9803 43371
8158 96559
8935 20021
7384 97494
216 38468
8031 93134
710 67907
5694 64565
1106 60832
9586 22092
9735 38217
4161 7233
8817 49136
6798 68471
570 71698
1818 47709
4697 42774
1866 10030
2429 85559
8255 85136
9502 60355
8413 81615
7742 98627
6307 29051
3376 95312
1540 45514
8848 106676
9122 99553
146 95554
3788 87799
6072 94805
8743 47098
927 28311
8463 72129
3374 16030
8678 77973
962 8706
797 48279
6572 39405
2846 19524
1533 72507
8686 58658
9045 65378
1643 18826
7313 76145
6938 57110
547 37650
4283 43866
4750 53189
3839 72899
7725 93320
4626 59193
175 15552
5133 53546
4350 26312
3023 34491
207 88529
1742 27671
6765 95888
5957 41519
862 91890
6519 84911
2672 40363
467 22106
5010 54668
4895 92221
2297 77131
422 22573
3042 36181
6211 57280
5192 37040
1017 78579
3301 46650
637 96279
9697 30161
5073 41497
5469 12082
2690 26773
5127 9292
6105 103400
6502 60793
2501 33672
2506 50888
6394 104388
620 97589
5242 19754
7690 55149
3026 59281
7517 18308
6627 56667
883 33021
8554 33125
8931 9763
8777 66937
9419 86508
9510 99715
3225 4757
9063 55526
3803 9903
4581 41665
1476 53059
1757 56885
7292 90428
4903 12896
7768 10072
4202 84805
3166 81793
528 91850
1738 24955
4713 17391
7990 84490
2069 56275
8974 67906
2895 82234
5460 101807
9542 60219
4011 42893
790 56699
3476 19660
9367 86458
6865 29245
49 34937
1536 71251
6884 90625
9243 93543
5941 72849
8134 92265
9766 31394
286 20697
7606 33546
8308 85340
7706 43832
2902 25934
1989 42716
8535 9015
5104 39141
8439 59792
6718 61684
8861 77713
7519 86835
2600 60931
4476 43831
2148 22635
6587 95414
7023 71036
5363 22346
2540 89792
5905 51661
6061 94941
6077 66619
9669 57711
2702 60345
3080 92404
9614 45149
1176 85627
5583 39286
7792 68305
1357 93387
1881 2962
5650 59258
4627 22987
2425 52775
1093 15715
6638 50158
3683 30411
1133 65508
1750 15744
5877 94307
1654 80221
9120 99822
9748 68742
671 9535
422 55746
4622 12329
9563 70013
9969 103271
6182 66678
4096 75432
7992 64758
4916 73247
1926 23369
3695 36038
3551 23333
7451 104733
87 73026
9675 70595
9888 65922
7546 71399
2122 72509
8924 102567
6381 56625
4719 52813
1989 12039
78 62152
1147 15711
7552 102796
2453 27766
3674 26959
1589 79702
1824 34946
2841 54205
6700 21206
2847 71422
7535 78903
3054 50596
1118 80958
8047 102021
1082 89389
7913 8132
2827 21719
1190 59636
4155 22057
987 89656
8471 34256
3572 90732
8301 53340
5657 41218
641 52134
5650 64999
9531 59681
9504 49332
3711 89300
4659 93273
6393 52085
8243 49632
3532 34638
4109 21864
8392 46702
7257 39564
1182 64869
5305 45808
1671 98923
4573 37151
5931 79143
4110 56568
1920 33384
1768 48470
5479 98194
7822 58514
5054 84068
8487 97238
802 56067
728 86832
1370 7728
8037 16174
7144 30247
6446 56584
2995 95272
8873 25983
7779 30929
3869 9143
4064 83222
3333 79116
850 96093
4631 26926
7958 27640
4232 25099
1372 100445
5539 81038
5768 34346
5400 49727
8773 104762
6417 104855
8327 87507
8348 98204
5843 82347
9389 88116
4886 51674
875 22903
5674 28927
3719 8955
1141 34874
9121 108956
3 9246
510 46836
1350 4712
548 91866
6445 25155
7484 49375
104 23979
5296 86630
7747 39825
389 90546
6999 33542
5042 83136
2869 27738
4305 33042
8143 18317
8969 83392
7633 71351
1046 51243
2510 58104
8550 33839
9210 92771
4366 48806
1374 28593
7544 71426
6397 71338
1228 100219
8297 90174
6065 70096
1911 62248
8450 51799
9182 87736
2466 11400
5281 89153
685 87813
4156 17070
9033 38163
5215 26103
9947 28727
7497 61988
7485 64706
9686 78343
3338 59050
1690 7599
4792 36660
9438 78411
8201 96329
4822 51152
2382 67004
7608 68294
5360 64359
2772 58921
7236 27425
1188 15463
75 89315
7037 103895
1878 82543
5052 74459
5536 32365
5080 95359
6788 47858
1910 48436
7918 51374
7041 64501
8699 52014
1491 78450
3716 44552
1435 36849
5482 50712
9501 21201
1186 94773
930 18325
1842 83112
168 6495
6768 105159
3865 57957
3764 65556
2342 76808
3217 25934
9440 90834
8391 30030
5138 42427
3717 86910
7635 105867
66 57710
7990 16839
426 11569
5620 64784
9531 79778
8279 13458
2525 68465
7471 94541
7621 68430
7957 56204
9482 59883
5015 61635
2455 16567
3520 47347
8966 89518
1247 15897
6946 77102
7355 103748
6880 8288
3452 29721
2357 50050
8161 79393
5530 21326
8453 73607
6796 80103
6235 33903
3939 7407
8061 32549
3068 95398
9194 83975
1397 47896
587 82910
5075 49449
4516 17043
6125 101870
7440 36185
6218 91315
9655 10905
2548 63141
5742 48944
7525 72693
6257 8063
48 85544
1479 63110
6263 12138
5049 55961
2013 86390
1469 46291
5245 79263
8786 66524
5979 86681
3187 22515
7257 35348
9924 55093
221 76484
9993 76031
3515 89435
6013 22669
7211 42368
7128 44809
1887 97828
7244 74246
5365 31488
4589 63502
4502 72815
6289 103641
5756 53406
11 83665
3392 9334
5232 81661
7244 20809
5160 20894
1005 70624
6040 94743
3715 86098
7271 101381
4979 64618
5159 39079
4031 5214
7179 65034
8195 83084
2582 62796
5130 52930
976 73349
6920 43397
4476 45077
4285 68937
1961 23864
6791 32829
1739 47182
2410 75685
2987 22432
5419 72411
7760 69806
6788 51495
449 89979
8104 103287
426 98183
6278 34120
9339 71967
1247 41781
9170 80971
7721 65966
3670 69612
1368 25666
7819 68597
4916 67991
5423 63439
8369 20002
9259 52164
8079 79278
7180 105587
3340 63903
4152 53685
3803 12372
892 36273
3455 17041
2899 33481
1126 29001
2285 8614
8130 75604
3383 94871
8008 80811
6497 85886
7625 86588
5962 45801
6378 76570
9708 77761
6584 105507
9650 14736
5382 42310
6353 39510
6504 63200
2996 26838
6970 33896
3150 46307
7440 28250
627 19981
6353 72628
3061 91310
7772 8915
1470 30455
8536 102885
93 37281
7236 17357
7589 40630
1858 8692
674 1227
1337 9392
565 80442
4152 11140
7670 61433
367 56075
7583 12171
5524 51541
1801 83806
5286 94708
349 14657
95 45179
6679 85643
2956 100906
7402 37104
5025 20987
6535 60236
2748 21916
232 56464
8570 22049
4172 39966
9251 36499
3691 6676
5051 10690
2198 3313
5235 86824
5724 65253
5077 5997
5852 99787
2899 49791
3748 41260
823 75934
9867 69452
4919 75890
4479 5195
4943 18000
320 29954
4238 74177
2952 26064
4598 98810
7067 103028
6580 26473
9017 12579
307 94821
2777 21377
5681 28634
4843 27374
7724 17808
6291 50152
861 26845
2593 11544
4777 5920
2233 26773
3931 42170
4045 5711
3355 99160
7204 97133
4942 25426
5225 52012
6694 23923
7880 8043
3061 4549
2399 84143
3154 34078
6730 34671
665 13151
8706 87742
358 23033
27 62455
9825 108014
1290 14118
4359 83228
4286 27488
5926 92905
6497 56258
649 65662
1788 31080
9933 55315
3242 5159
5086 67213
8141 87189
7970 85174
1510 84506
9076 9643
7494 78701
2610 86836
6123 31454
8216 72927
9670 44537
5199 58904
4005 65932
6006 71617
2178 77045
1580 75316
6961 15858
1622 38099
4158 11788
9455 64293
2620 15977
4916 59095
2543 81666
4165 39388
3022 51323
1443 30944
2316 66536
568 8909
6567 79188
3245 55577
2503 8716
2036 7085
1059 42190
8573 62108
2255 91149
2681 101643
6807 10082
7852 57998
9778 107132
8805 99618
6311 67090
8526 46681
932 52570
3610 22737
3040 102189
7947 71007
6666 54836
5404 31249
1396 88213
9725 94457
9216 100184
5211 37117
3977 75391
885 47375
74 32788
9765 88824
4214 15474
9505 90777
5431 89292
2536 12737
7537 87369
5319 95247
4650 96920
4708 53921
2198 11453
8687 62715
6264 84372
7043 25034
3512 80488
3401 8692
8923 27502
4373 25603
7723 78452
3272 59459
8802 40687
8809 88725
5133 27078
1396 12578
2950 4064
9324 37503
9421 21016
1477 36794
4645 37386
5818 63828
7086 79818
8217 89741
8835 84386
6607 28021
1923 38441
5191 51569
418 50202
4165 92025
4887 53775
4056 91427
1922 78993
8871 78636
5846 105766
3112 72915
7135 61479
6396 40484
6848 58386
427 6012
2107 38353
1654 40806
1752 40938
4948 93816
5744 7413
4078 32401
1547 23269
2865 20822
3121 24778
7387 56259
8856 85425
4784 98302
1959 41002
3735 75051
8613 101545
2329 36376
8255 58861
6748 105066
5295 9112
6124 93229
9077 95840
6032 52229
8665 37884
1414 66081
4840 82238
9076 24751
6711 9986
9984 40018
9423 65547
6086 89700
1747 83922
4561 51311
2231 99139
8809 85528
9777 72384
9270 46709
1831 19793
9788 81045
5751 82065
3653 17407
649 2777
7471 69284
4403 27160
84 59801
2696 96080
7605 83121
6135 23939
6777 31120
6126 61950
3214 95080
7647 27497
2176 25737
4612 35623
2384 45114
586 50668
2733 27585
1745 56975
8449 103876
584 96613
3555 59858
2467 56604
1740 6524
511 93929
2632 73482
4584 90926
8816 87081
6889 31032
5861 43247
3730 92554
4794 60643
4164 99504
8244 33800
4126 92858
9566 79837
5567 94300
8732 85657
4721 102548
4581 79541
7795 79250
1579 18219
7963 76609
3166 96387
9424 86206
1383 44199
9749 59453
4923 30425
2088 21327
6860 13779
4763 33698
7908 32540
1226 17235
3487 59885
4876 5221
25 94329
1949 27396
1987 93939
2820 13542
7125 71853
6535 76739
4419 34385
9942 48970
8903 108553
50 37696
1476 64973
5022 33537
9962 38389
920 47864
6069 26830
4427 40759
4023 5198
3369 62813
1547 100051
4594 101608
5616 21808
3349 34218
8850 94231
3995 43461
2791 56153
6792 97134
1435 53774
7268 90134
7982 15233
9270 64327
8816 45592
1643 78713
6265 40163
5938 71320
9400 69705
5288 9824
1075 60782
9289 53893
5317 16790
3368 47641
1513 91055
7799 98459
3833 21974
5065 89199
6131 24692
2985 64590
3823 81227
6346 25084
1377 85900
8059 93253
2314 58570
2937 82266
473 41685
3642 53030
2216 84135
9954 81369
7053 90722
3173 4523
3203 83022
4233 43412
6246 36074
5327 87934
6756 104903
3531 38171
8126 45959
8033 100899
2747 38717
1113 7684
5344 49866
3622 61612
7081 63045
7243 93961
2471 98458
6383 75769
3792 39926
1502 13598
185 51185
1739 33514
8513 64219
5925 103175
9882 105624
3940 98584
2617 48500
4674 17486
5878 102960
1239 44835
2970 44854
3358 8283
3193 77945
7029 10196
7952 44236
3724 66320
2356 74626
6028 39015
9831 20987
2735 73466
2898 60476
6359 14955
6651 67928
7334 75197
2254 38253
8359 58438
1566 9553
5510 38721
3578 28223
1399 58351
3335 96276
705 61645
376 33661
9213 13234
1628 92887
5981 94621
4287 56646
6856 24867
7393 99503
