2059
6780 71236
5083 16746
2866 70674
3242 44044
9736 14404
5820 9602
3455 40326
6593 100837
4040 80600
670 80580
4860 33187
1856 54886
5564 75724
3346 59167
7143 56436
1212 85476
1261 7894
8379 21166
1159 76199
2430 60601
6601 48216
5990 105619
6717 7896
7526 84633
5108 104118
2259 4898
3466 44148
1979 25009
1038 100589
4398 48824
8819 108636
3814 94382
3921 64564
5307 30162
1322 56981
7356 78211
6769 93409
8693 22893
8747 43908
4823 26151
1948 13975
9071 65285
7316 91176
2012 47444
9722 52405
1642 92578
4122 4561
462 73500
8631 48284
8665 47355
3870 17825
6139 24651
1269 45961
3997 6387
3287 94025
4531 80861
8471 74890
7288 89603
7233 17696
5048 36426
9399 30808
5028 60557
9586 47502
8768 98769
596 11716
3119 84372
5212 50127
4623 87963
3387 62682
9411 67985
7336 9107
386 91583
2557 42026
7667 12542
4379 75385
7006 88753
8586 98292
3740 7240
2961 37974
5911 95112
8267 89490
8670 35892
8766 67891
5615 89410
7217 16495
6213 90068
382 5053
6627 99710
1253 26145
4912 33683
5510 41469
5525 29099
7168 30853
3462 69942
8486 54600
4884 76987
466 45302
948 57382
8796 100405
5178 9389
2980 12319
1755 82425
9972 51885
5806 60297
8013 96251
1854 29871
8988 28684
2836 55865
8262 41233
7569 35917
3463 57607
175 14377
7490 55973
748 50892
4077 49964
6505 71800
6012 7503
2458 5746
6180 85880
8260 89065
5027 46841
3228 51664
7922 83279
8338 32303
9169 46749
4812 96907
520 85925
179 50298
952 88617
1002 2070
4155 92178
1909 41457
350 90262
4619 74371
8121 78706
3081 55642
865 39423
4623 81908
3515 36859
8528 40379
980 30277
2606 12927
5201 33113
217 5856
8146 8167
2082 57559
283 46650
2296 19941
439 5832
7516 98683
2516 79140
3983 98330
7121 92821
5203 62563
3049 9025
4122 72741
3153 83683
2590 34595
6545 22034
6089 6588
818 83682
4198 35572
2484 37886
566 53159
8673 81272
9733 60603
5739 33463
3884 14917
3291 36335
5185 99305
2374 54711
4834 23451
6352 18202
5152 52908
969 16809
2431 76996
1345 5592
2292 5563
9925 15266
2297 6466
5483 104073
8705 101939
5261 87713
2307 91556
8415 80433
1620 69716
2954 64858
4940 8002
7755 87785
5600 64352
7571 89778
3461 96697
3175 7565
2125 51184
7117 71809
1046 92638
4507 22546
5474 27611
6425 34572
7103 48561
7021 13042
1177 83477
7630 14688
4434 21856
3838 12597
6037 90821
2160 74824
449 97287
3231 15695
2319 42150
6777 71626
7215 37326
3673 96834
7360 59054
7111 18996
7260 48271
1893 40257
3632 13171
9327 16528
830 75987
7253 56001
3704 7814
3042 81257
7729 104282
609 38922
89 62811
8179 53521
7737 105001
1598 39178
953 54727
3820 50492
2102 32522
5993 25905
599 95633
2106 25997
198 29240
1299 90568
2640 30427
6283 9362
4171 79813
4736 51788
1742 3156
6405 78640
9850 53690
591 81254
864 95463
7940 21909
8231 42468
8501 50872
1568 34359
1611 11475
9467 88208
2648 20702
6660 95253
9098 70683
2347 2368
6562 19045
4584 48230
2729 3720
7968 19187
7969 79076
921 68731
9372 97513
1660 31886
3735 69643
443 47146
3191 65946
8985 36295
8373 102210
9741 73247
686 4585
7190 74506
7560 27652
3451 42931
4165 82000
2775 101717
9078 55792
5766 89874
6198 100667
1464 38199
3013 68777
2641 5238
8443 30005
1577 41102
973 52849
1993 81595
1550 39180
3137 101096
5742 55549
3926 74592
2531 84744
7087 103582
6469 71341
9283 68330
8206 32150
6171 101041
5565 65566
9553 108114
9627 86154
8656 19472
404 1983
9143 79621
91 11052
4163 34525
9455 100290
9628 51113
5749 24629
2133 23220
7489 77104
6761 66720
9463 66997
5643 90739
4122 79371
6029 11280
7315 66360
5165 6774
3568 94421
3681 25499
3932 64837
8946 81854
7426 18024
4406 95429
3494 99497
5826 12873
8205 41472
2030 32148
6109 74939
1217 71303
342 51047
4395 15745
5775 67542
9655 62971
1621 16121
7649 78948
2614 93500
7753 30022
9354 86606
1198 78790
6408 92540
8825 71119
4792 57477
7082 43258
8140 53168
7938 63673
9489 26227
134 39347
7058 72186
946 72412
8002 64773
2992 75878
2376 58319
5995 103438
6568 29644
4913 96519
333 75843
205 45340
7886 73562
8883 105749
4884 27228
2702 90750
2639 12006
7311 15124
7885 88492
6519 43970
5350 84809
1168 89139
4405 66181
2526 16098
9818 56434
4348 75757
6048 60057
406 21844
5205 96423
8955 9061
7718 105997
2130 28665
9893 23462
4038 15000
8756 58483
3450 7410
8476 39753
8302 83087
9496 80658
9558 47719
8292 66971
8459 29256
851 98765
7588 62415
4368 37636
4616 20178
4179 46755
2249 51278
927 50993
9007 51200
1355 89219
5263 49174
9857 28212
9130 75337
9578 102618
9133 33429
6839 53861
3875 71389
5261 65226
8551 52159
34 33352
663 51569
1036 67036
4491 80963
3034 73289
4903 80217
9516 60629
4532 66418
2042 31172
1765 62055
4374 27367
4480 94783
5869 10677
3125 17692
318 98670
7469 31804
7917 9216
3167 76215
3691 34236
945 31777
3604 79680
3641 34172
2453 73526
8109 106836
6973 65949
2754 84430
1491 60741
4152 97343
137 28117
8639 46361
1050 91996
1735 69132
5279 103888
5330 34991
9873 99611
7395 32589
1745 9092
2250 10300
2157 14883
9206 96646
2603 60228
8378 47097
8260 104213
1831 39211
9830 75319
8958 72000
3727 71473
9520 101533
5857 61151
9048 25715
9879 44197
1174 61755
6424 7859
2438 54805
8953 40642
1174 6582
1377 36980
9596 60537
9650 108734
7886 88610
2372 59299
2020 33452
6365 24518
8882 90528
4328 47917
4034 43590
2724 64100
769 15067
628 77647
3238 33768
7559 10186
3946 42284
9881 35287
7448 105482
2876 99432
4082 41601
5582 26627
2045 16659
2221 34536
7810 75680
1640 58795
2523 58917
9972 53281
6182 31458
9260 61530
7670 101713
8556 89327
1804 68518
9334 80483
1582 98586
2312 37810
6663 63447
7538 82907
8207 104526
4172 50951
6171 105592
2716 74617
6237 64823
7070 50979
6019 105056
6353 39799
9834 83205
3868 62712
9935 46713
6260 31962
2884 4365
8626 75061
1289 41855
3697 29769
5151 82583
5715 73428
8623 85079
2095 64329
2417 85555
3208 6845
7800 54425
828 7166
3226 54600
4346 97231
8644 59063
1290 80077
8725 20006
2024 59834
6709 47434
5141 61494
1343 34724
8105 43735
1687 2191
9853 25252
7553 9203
8846 83899
6970 37874
7916 102754
3528 35749
2059 39084
8466 8648
9077 18591
6722 23299
5910 50863
5428 64864
3259 21829
6893 87402
2223 69528
2152 84841
2188 7050
2914 99338
8226 98248
1460 19154
1166 98186
222 76739
7370 47849
2099 26924
1511 23139
2940 36815
8108 28845
7690 43011
8322 51941
490 54096
9350 102648
4544 46445
6535 11066
5884 81008
4528 21726
2992 53658
5122 45649
3162 8693
1729 67064
1900 96154
3591 70617
2951 9189
4909 95228
1310 77746
2595 3844
6093 32131
6919 13900
3417 77653
8546 92121
3613 49749
4766 64328
6887 58351
1242 65182
9177 31800
2036 34172
707 34163
8738 89960
4551 30251
538 8797
1502 6881
8538 50528
4779 74227
4090 87763
6396 95359
8379 47632
6782 37992
7630 85711
1957 58453
3312 43556
3167 93687
7045 40592
6888 42654
9824 59629
47 63415
6757 12686
8196 69340
1996 65419
7793 84049
6855 83329
9848 77547
9511 53604
334 25075
437 40139
7379 16150
4722 78764
3791 27971
1211 39789
9130 16677
853 36901
6586 60433
6161 88213
7340 14269
3242 69187
2832 97399
7148 48469
861 3741
8573 103291
3847 9550
9232 22334
1380 62926
2708 53682
9271 77718
905 76964
7567 50061
3708 35304
3991 53546
1975 28411
6371 67757
639 14901
268 89035
1618 52288
6390 18287
4233 88027
3074 61379
8323 87988
5539 46007
4838 48698
976 9956
8194 38773
335 43821
341 31001
2104 46256
3622 11260
9714 42416
6390 72234
2196 33178
311 79042
7756 102516
6121 100245
2092 19085
3623 87294
8728 67030
6714 31147
2129 6999
250 24868
9020 87470
8367 62232
746 15802
9666 69196
9422 99209
4730 89240
9087 70935
2339 65933
5761 9457
7224 87193
1984 49279
9908 83144
6063 17536
7976 12771
531 24534
9538 12710
6948 98597
5230 59548
479 8099
153 66631
8255 89880
9923 89956
1396 85476
4409 8109
1435 62907
5926 59620
7603 20587
8972 45037
1828 79057
4675 26720
3321 36314
2099 83228
814 69235
7281 80767
7183 45170
191 11924
86 69510
2473 57809
5373 11718
7671 84550
3418 72200
8684 9448
5830 16945
5503 42101
7767 80582
3993 10088
4763 67654
1987 26587
5963 86663
169 31646
305 10672
3903 64444
757 15670
3313 87992
5021 61439
9471 56784
4671 22206
5924 39344
5310 31247
7867 17748
4830 15659
1665 2493
6991 8168
4622 22396
6924 97402
9277 56584
8402 48363
1867 59797
8080 35490
3682 63969
3387 72786
5189 88880
7349 16946
1000 55201
3953 45647
1934 68552
1259 100916
8380 58577
8937 40684
6811 13452
183 44642
3711 41099
9135 31382
6967 102300
3629 56293
5411 101636
7208 70080
3557 97610
3633 43448
2695 96789
7540 9172
2539 51604
47 58834
8758 43995
2937 77926
385 44094
6552 36297
3829 56699
7401 20414
5779 44404
3953 25821
2790 46116
9774 17978
2887 68978
2343 93660
6557 25772
6113 30201
4495 52992
1900 80299
979 31919
1140 49607
7578 90196
9149 30597
8305 60023
2858 40090
2158 25641
5051 87103
6561 96575
7907 18354
7853 28993
3735 43797
3913 30410
4262 71313
7137 95002
8058 82090
4014 64691
7514 73346
3606 40898
5949 45148
393 7926
9460 11191
4036 70626
5658 27375
8896 73258
5258 28937
6273 51437
8859 80948
7806 32502
3275 99194
6160 54016
2116 75930
8031 85469
271 8752
3355 48790
5031 34231
3656 29919
3852 85715
7082 64147
597 55613
6535 99876
6029 89497
8271 102171
4079 34411
6076 42346
5447 78893
3003 30191
5972 71507
7021 41374
2283 3738
5069 11372
8629 87102
4546 88912
8445 37480
1691 46229
2957 61777
3637 99234
7821 86116
9853 46750
3103 81791
6084 27745
3505 34593
7504 83892
4554 36617
5512 20751
4129 36599
9393 52931
8202 15963
124 50946
9252 38675
3490 54037
9683 88596
7070 24209
248 85637
8360 84987
6558 23125
728 85790
7805 32602
9898 39569
5859 100614
2072 53334
6228 33977
1649 60264
2527 47368
2030 46352
7014 18904
8672 107749
9056 76064
5167 16914
5356 78887
421 74678
2248 38038
7377 65896
8638 55856
4510 30834
9730 83618
4192 20810
3820 18380
1902 60633
1189 53466
5730 25950
2058 66233
8478 81532
2579 13195
3755 53480
992 67031
7973 99226
6261 74496
8452 99495
7551 71222
3000 85821
2714 29036
4033 58683
3585 34002
7815 26968
2587 4175
5793 13732
3852 39300
35 55254
4212 40983
4610 76915
1804 25169
1757 94313
6738 91801
8713 106411
2460 15188
2193 85311
8872 78606
8071 8224
4311 81363
866 62028
8882 95210
3535 14304
5315 44680
5969 88018
9594 72767
4352 86235
4549 63698
6987 45414
3512 28506
3545 5352
8551 88559
8653 85776
9169 19596
6299 71300
6746 64061
3868 46628
2890 62195
4122 36630
9957 107838
1847 14748
2533 54263
6312 74341
845 25881
4884 39457
368 65778
7145 28298
2547 100754
5370 10866
8044 18979
9113 62121
8732 36869
1894 6419
8636 79380
7312 73934
9075 91398
4338 57958
2200 55031
1079 99516
1180 95025
6461 87729
3735 34898
5370 31539
7746 25509
694 45396
3394 61845
5398 81235
1647 56387
8191 13267
5044 73749
2104 88077
6474 57945
4141 92757
6621 33704
690 31909
6223 54182
3553 59730
9745 91753
8009 67302
7959 27107
9176 103322
2538 60005
2319 100231
8765 46685
8138 69304
9755 20887
8373 83595
2423 85187
8667 88633
3287 96534
5784 50169
8217 84301
3334 35004
1771 8961
8871 63374
4871 98766
4597 86504
6310 68150
5658 76542
6038 22208
1713 51935
5970 44187
7385 41701
6700 100974
855 20766
9753 50087
544 13370
6039 61233
6906 10583
5053 14287
8157 61889
4462 36993
3131 67138
7491 97523
7095 63404
2781 70764
4434 21116
6988 49583
9904 40372
5066 76132
13 28166
7586 15083
4448 85318
1717 62072
6956 54407
2622 92711
8677 94755
7721 66068
693 69819
8511 31682
7013 39011
7414 94722
4536 76249
594 90076
9828 20048
7920 106689
3973 29563
2787 72688
5617 92937
7142 76605
8422 86104
4831 90330
5755 90074
9693 57091
9982 30471
3789 78998
9385 76695
2693 81492
539 77856
7724 40568
165 443
3520 54946
8915 19635
8594 63271
1333 71339
462 1053
1834 42038
3738 10187
4217 88259
2723 39145
5538 101657
4685 77612
2516 3375
481 72564
1011 72082
639 20544
9208 60616
1096 93465
5333 83733
1669 85793
1769 16023
2603 77486
665 46822
4097 81021
5328 24410
5923 18456
107 55465
5728 24470
7571 73532
8683 81828
108 6020
285 26690
5692 20282
6171 43999
374 87117
2732 60051
9701 28436
586 57561
7613 96906
9951 91196
6034 27369
165 73596
8305 77987
2075 3953
1124 72290
4169 42482
6988 104547
5323 82382
8807 38035
4622 58004
6291 28269
1741 74965
4966 42132
7354 51018
8958 96860
9840 48566
4561 25981
7146 37515
2977 8919
8488 71788
1168 69238
8638 46728
3481 88919
6059 57504
1726 28098
6496 39432
470 21746
9104 23405
5622 31941
7213 16936
3901 38417
1267 66895
5624 100415
8729 33420
2977 11023
429 83678
8871 75231
9372 84155
943 32810
7286 50949
2173 81895
4225 74187
9331 36995
6148 42801
1797 85933
1247 92296
1281 69389
2725 99573
7921 85288
2726 13220
8669 30194
7352 35012
4623 42434
9402 16942
7416 77192
7421 71897
5879 96157
4599 60708
4908 47216
5550 103401
4225 19731
7924 39864
3207 14392
644 30239
8892 31915
4338 71729
4221 38704
5420 53846
6999 49990
3268 76920
4108 46881
9670 18604
3694 17921
6045 26513
2403 100146
7533 47743
1285 95562
2116 12977
1988 88946
3002 65446
4152 35045
2621 83130
1098 39139
8057 71866
5542 96920
1496 44076
7183 60885
5985 51708
2011 89486
9891 92967
1355 5831
9494 69197
7022 40433
1788 19394
7850 90434
4081 32477
8278 106191
1638 76562
7947 99492
1846 44808
4045 72003
5121 48753
1004 33326
3411 69130
3742 48561
2606 50749
7177 29335
9250 64511
85 17151
4861 8010
3893 74903
3594 93831
3254 95769
5491 7224
8374 32968
3039 15531
6752 85431
6431 85935
5117 62959
5717 41891
774 27515
5269 69551
7597 89065
3486 74980
5695 31754
6893 67250
3313 90743
4747 27026
1725 27219
5227 8620
9820 60631
8105 18288
3689 98882
8391 60971
6875 61818
1942 91143
5092 47326
6211 101366
7158 61114
2762 38955
7342 17660
6784 11406
8426 48076
181 52247
6560 22513
4042 12054
5888 55089
9593 26574
5927 65347
9247 91141
1413 89796
33 97419
1671 56639
9964 27834
3377 74825
7417 103555
7461 32734
7905 20935
3025 77011
4859 55525
6994 70284
8152 82923
2686 52193
55 17027
5279 33978
45 73551
1765 95522
2384 83669
6233 19847
5750 17085
946 65110
2913 60567
5871 97393
1427 15113
8223 12234
7029 47767
7582 70751
4583 48053
3019 3134
2478 70623
2864 67725
5945 65265
4858 59523
3479 89809
2154 22058
1103 74709
5876 17459
8847 108583
2309 45931
1386 31535
5598 52014
8494 49335
1942 87760
5127 68401
7346 71957
7885 34653
1606 83114
2161 85323
9915 52173
5268 57513
5180 54906
9321 92384
5832 83892
742 22343
6347 12416
1256 17770
1387 72407
8275 68284
4560 64631
5489 50606
8003 15696
6878 75353
8599 19743
4333 27455
3952 8081
872 20447
1520 1704
167 40836
2603 56057
808 3805
6530 52745
4677 62224
1325 89093
7546 15460
5609 99487
8951 75284
8276 95675
8640 78973
2497 60473
2521 63692
1629 72911
3059 93856
8209 50235
5765 93478
1095 76992
5895 55903
297 57946
2449 15762
2953 46260
6034 52581
7477 86475
2274 93470
4463 10733
4426 84105
1687 56711
2296 47872
7726 53439
9589 44606
9423 65162
5945 17085
4727 26421
8891 98407
3326 50784
5424 24541
7777 60685
2512 23192
69 56712
9410 31434
8580 78344
9317 101285
5856 58104
5223 86040
5001 5026
4593 33698
1062 8539
3001 83945
6576 45816
536 86248
3710 14978
941 21450
8481 94914
4515 70227
5284 36951
7640 91142
8672 57279
247 43284
9898 30826
5426 22177
6597 15754
3106 60115
9922 40723
893 81495
2262 63736
5114 76924
8369 103960
5800 65615
5629 11785
7105 82501
179 85434
7300 10664
6131 100867
9560 100403
7639 55171
9571 101638
3677 10296
3247 100196
2222 10171
4684 99523
5150 5900
9504 48892
2733 38304
231 99857
4527 62838
4425 19820
9490 16829
2879 55170
1806 31233
9468 46768
7260 33149
9315 81017
8648 8863
2698 97321
5304 73189
6887 26292
8559 25184
8948 55298
6995 83929
6629 12851
6650 9355
4480 70076
3811 50687
5073 33316
6226 80183
2566 88637
6889 7130
5969 39086
2141 7460
6104 100491
1350 69525
5369 89945
3385 14955
6796 103077
8788 25246
6338 12892
4341 75041
414 8120
9901 19344
3815 102542
3831 84740
1553 16592
8832 91897
400 11470
2509 11049
8657 38015
906 58267
7325 76893
6709 16462
8841 86029
9080 55249
510 1231
9618 36633
3118 37791
5111 17068
5047 95165
9387 69843
8054 70741
2780 63824
118 88510
5803 79902
1812 21561
4981 103763
2074 62159
4848 47972
2129 81026
2308 79509
6366 45651
2564 17146
5319 98457
4742 103470
9111 60040
8515 72186
5646 40453
2824 79819
3572 76150
5433 16119
1796 97709
8924 83265
7921 24853
5810 92974
9302 30181
6106 53180
4180 25789
5716 96705
2050 72304
7984 54750
3153 86938
2373 11729
2364 36597
3572 63952
3924 98579
756 49558
6798 28773
8499 34075
1138 56305
9620 56206
257 2465
4032 32457
535 32793
9292 74355
1063 55556
7194 81633
2701 40738
1501 34146
4305 39360
3381 102234
7955 63891
9617 97605
7968 87872
6094 13394
2621 38869
6324 15558
7319 90265
3189 48737
2842 49623
7132 66562
9391 51344
7046 18895
7725 19688
785 59722
1262 101216
6732 79398
822 66194
7455 21182
6009 101489
2740 99293
2591 52464
2476 16777
2807 64570
404 50915
3233 25527
4563 97417
1583 8852
2817 23918
9236 107434
8336 92990
6935 22778
9409 14520
4798 79439
741 64978
5550 58260
5362 37531
1518 16642
4955 34556
8326 18393
4889 94662
3589 76300
7297 42465
5162 22568
1170 90906
2461 8579
9091 38057
6258 49248
8990 44728
4095 93703
5373 9652
3119 16538
9682 65035
5415 24697
6859 64868
2268 99708
9669 80814
307 52437
3197 67084
4096 85642
9559 12774
9523 80225
3450 102458
5006 98968
2990 57054
9117 83385
6072 18712
1298 96666
5446 92627
2688 39347
8276 86417
4430 32351
3915 35183
6659 12785
4665 34682
3753 59652
2053 51265
9024 104651
3777 15173
2878 43755
6856 82719
6533 39511
581 1753
2175 43010
7182 32906
6046 72538
4076 72588
9977 11370
2048 54100
9065 93869
222 79576
4397 94500
6635 44523
4633 104560
2613 77611
8306 17545
9247 46819
3916 27447
7591 62731
6555 55935
7825 100067
8776 93113
5767 45498
8637 84923
8444 95067
1704 35866
354 44945
2641 100468
8804 74672
4734 12722
5697 59161
4400 89536
5921 54648
8893 53762
5047 14437
7443 9811
8596 61184
465 88548
6956 47276
6705 62454
1823 78494
4214 63123
9912 103666
6268 23530
8496 75917
9557 79054
6507 86130
5051 71311
9608 32564
8219 14879
559 80134
4129 4874
7361 55233
3151 51696
3649 20260
1324 62371
9758 100778
3673 20873
4035 77681
8243 46477
3186 52314
5377 37656
4691 13065
4618 91986
8003 88196
2859 48926
7738 40251
1959 22769
4493 53417
7522 32326
860 68575
5970 91274
3318 44981
360 78463
9396 50875
4084 65451
8331 25051
7205 14945
612 58709
2539 71173
8482 83418
302 22996
457 84090
3282 10156
94 21894
3754 53019
9564 101966
5366 18998
4854 18873
2483 36683
1257 45353
8733 32421
3140 99112
8057 26047
3101 10191
8682 86344
4119 73903
5869 60944
2670 88129
6652 70446
2731 50401
4533 36349
3608 50972
9820 85468
4231 12714
2689 56232
2446 91159
2042 98451
7300 16652
2805 65104
4358 89940
2008 58147
5722 88075
8124 105583
6091 15222
7586 81825
2090 40463
3832 96221
1629 85753
6664 42298
3869 85332
1349 91486
2572 38434
4866 59078
4385 93814
6136 86542
8717 45136
8866 100050
8402 53756
3246 93660
8342 15802
7155 46525
1925 55505
1860 83054
7192 8125
1204 13795
4703 13615
784 40678
5094 65573
3400 76705
592 96664
8072 102738
5809 70778
4929 58712
5097 74806
1665 51448
4830 61778
1503 99892
8863 48068
9282 64214
182 48829
9955 52186
332 71829
1754 91677
2092 22710
1790 19317
1051 44515
9164 99111
5082 54565
551 45080
5257 85709
2197 97700
5078 83542
7991 72839
3266 103253
2564 46561
1338 70343
1503 65369
6771 94232
9918 107731
4625 75114
3248 83330
8125 87391
5492 82227
1026 38756
9592 53360
7365 72335
1081 99295
2682 16077
2407 15654
2535 63572
2791 47653
633 77789
6056 16159
2074 75009
4882 57416
8038 91440
8690 69463
4760 66472
2303 11163
692 25952
1841 62518
3615 21344
4238 49272
9189 108676
6532 101923
6296 68539
3831 4311
273 87122
8380 14262
6768 54137
2010 90378
7689 48949
4297 30884
2698 24450
8689 62727
6200 60564
9010 47041
4471 82029
5273 44828
5859 11169
7717 105808
8991 98110
9684 97491
147 77201
3227 17867
308 43677
9965 61322
2323 77932
5823 90421
9297 82336
9328 105915
6026 69418
6901 75899
8898 33013
4808 79125
5561 74622
872 60831
7101 79154
3315 81861
5339 21934
2729 61364
2528 73375
1010 33998
9937 10057
6700 19198
3760 82798
7879 27511
3961 9230
9796 79477
7949 73603
4700 6585
2775 84136
6046 83927
8907 94446
2102 54681
2827 11084
240 49924
2243 92047
6146 67132
4357 34144
6968 18372
4895 38951
8756 65828
9645 64261
7270 66301
9621 17344
5808 55688
2605 28962
1251 40556
887 89511
3247 18978
6550 92426
9679 88820
26 38675
4949 74760
6126 29349
8051 91202
7681 45733
3544 90460
9410 33386
6119 56539
4353 55641
3097 60114
7425 100099
2305 88903
4227 23756
2638 29293
4293 57342
2040 68331
834 41250
3829 90253
1756 51730
8925 98257
6559 34390
6109 55789
4999 6512
1773 97225
4409 21285
7773 81563
6747 57220
772 40471
6794 20306
8743 38784
7244 41961
6968 18836
4090 7805
9578 59426
2846 77928
5572 95818
2169 12785
5571 50547
5358 56106
3955 62970
4407 99528
4991 30321
8784 93334
9047 100527
1651 57680
1057 38110
7293 34147
8356 63359
8385 75736
6280 16715
3492 78196
5973 65407
6060 91268
7872 92759
4183 18047
5734 67922
3102 82330
7309 12463
3875 41200
5043 8910
4345 4885
8367 35139
8417 104232
4599 100429
420 88556
2520 69025
5679 17769
3662 101377
6728 100248
1666 101581
888 2419
2302 37778
2769 29593
4667 33925
8965 22808
9148 50071
8799 88174
3674 14591
466 97620
3378 52966
3178 28050
593 25637
2879 70716
5377 31312
6245 77648
4253 66148
5514 46455
3967 101369
845 77868
6272 15584
9062 51845
5824 54788
1492 83962
9971 44149
5485 77827
93 39686
3347 48516
7633 96500
9031 105633
1210 85893
9621 75105
8611 104310
8906 66802
136 73575
750 8035
8828 49675
317 7053
7535 24331
5282 65639
5252 35213
9658 50000
3586 86990
7067 58660
8018 61299
5523 25691
3390 60537
1216 45697
7702 20904
6033 55869
4686 64115
9396 15321
9698 17357
9389 57719
5626 68990
5158 71311
2534 19962
7301 53232
1548 6970
1768 80671
7416 56443
7984 91209
6579 47336
2403 10761
8004 62898
8721 61344
7027 62453
4736 70206
1990 66721
704 22352
5425 69319
1115 16288
6808 91911
2218 79097
3270 18182
7201 22278
3848 21361
7169 88058
7389 86654
6534 45968
5994 72991
6837 99998
1300 14310
6759 13635
625 92179
485 89866
2780 97627
1858 47874
1853 41955
1845 95399
4670 68797
1945 13835
9773 97130
5264 40538
9622 25207
8713 79350
5882 40124
4672 96990
9941 42915
5275 31113
1075 24266
715 20671
547 2254
5119 65999
5430 76115
2981 18078
42 14677
4116 89129
610 15138
2185 61932
5493 57715
4182 63541
1163 93457
6771 75094
8830 45160
6220 60380
8874 72773
9098 26880
5658 47313
4403 25215
2796 8189
553 91385
837 94569
6713 28482
5036 19432
9480 94875
341 69433
9346 19399
6944 33138
3681 52270
791 14655
7774 13472
5744 67972
4161 15213
7866 33278
7812 61230
8623 58618
6339 25703
2171 31704
300 44745
566 81875
2377 17247
4647 31227
5212 49557
7415 9724
2377 12149
3029 90936
9492 106020
2494 68920
5001 85630
9775 65757
2200 17895
2432 22431
8812 33268
7088 30435
5074 49157
7958 80782
9698 49335
4008 79759
6079 76485
5118 13584
9044 71850
7078 74778
6242 34846
145 1637
531 74160
