100
72 75
77 78
99 102
28 34
4 5
3 8
15 19
97 105
65 67
88 98
23 27
87 89
69 73
9 11
27 36
60 70
42 50
53 53
88 92
42 51
86 90
50 50
11 15
89 94
66 76
24 31
87 94
23 33
74 78
65 70
53 53
45 53
51 56
91 92
78 83
57 57
81 86
53 53
53 57
79 83
50 51
76 86
48 53
45 45
89 93
79 83
100 100
29 29
76 81
14 15
31 37
46 55
69 77
26 29
33 35
49 49
27 28
44 50
74 82
38 39
9 19
84 86
64 67
93 94
72 80
47 48
84 88
47 51
25 33
77 87
81 87
33 35
33 39
35 44
75 79
50 56
23 32
6 10
96 101
15 20
7 14
95 104
14 22
14 22
34 36
49 55
97 101
9 18
42 51
15 15
79 86
65 67
1 5
45 53
38 48
19 22
88 96
90 100
91 93
37 47
