1000
595 597
455 461
943 949
707 713
590 599
773 782
801 808
457 464
871 881
708 718
187 197
88 90
867 876
149 159
912 917
982 988
281 291
419 420
259 268
692 697
572 574
730 733
931 937
357 359
587 595
718 723
120 121
559 559
830 836
580 589
949 958
12 20
708 714
648 657
100 100
621 624
543 543
479 488
386 389
140 145
979 986
134 139
602 603
793 803
600 606
811 821
165 169
680 688
270 273
625 626
328 336
860 870
110 120
209 217
770 778
713 715
878 881
195 203
471 475
752 758
944 954
614 619
73 73
139 144
654 664
952 958
401 407
467 471
272 276
288 296
109 119
731 734
537 542
975 978
504 504
257 260
719 719
637 646
498 508
723 729
435 436
670 677
920 923
403 403
137 146
377 381
716 722
577 583
627 631
30 33
611 620
224 227
71 81
472 475
641 646
550 553
496 505
297 307
457 466
780 783
601 609
44 45
393 399
307 311
914 923
868 876
620 627
915 921
310 318
367 373
673 683
908 913
153 157
356 365
873 874
197 197
876 882
992 1001
362 366
242 243
79 84
207 214
115 116
744 754
140 141
667 673
421 422
987 987
662 664
584 589
87 89
920 920
896 897
967 971
364 374
4 11
124 125
359 367
5 5
102 109
551 559
92 100
483 490
665 673
970 972
315 317
682 685
830 839
762 763
195 201
537 537
38 42
11 14
970 979
208 211
192 192
906 910
970 970
442 443
302 302
778 778
734 736
848 851
385 389
325 329
160 160
699 706
123 124
51 51
75 82
100 104
411 416
531 540
191 193
264 270
776 781
271 281
800 809
396 400
406 416
754 763
132 138
487 494
621 631
332 337
231 238
59 66
517 523
113 115
672 678
914 916
733 739
145 147
462 466
899 900
871 879
540 546
485 488
731 737
743 744
41 44
835 840
719 725
806 807
318 320
262 262
742 749
428 430
215 225
602 604
78 88
368 372
992 1001
18 26
980 989
890 895
267 270
661 671
154 154
840 848
71 78
40 40
198 204
48 51
846 847
393 401
403 410
29 29
220 228
188 194
450 455
954 963
185 185
938 944
158 159
577 581
101 101
337 337
260 266
86 89
701 706
887 888
377 382
499 506
606 615
629 636
504 504
508 509
702 705
521 523
718 724
176 176
687 693
401 408
19 29
599 606
356 356
176 182
759 765
864 865
686 687
84 93
662 662
486 491
483 491
656 665
542 548
618 618
944 952
276 276
120 125
573 576
18 25
818 826
614 622
958 960
928 937
794 803
876 878
450 460
921 927
969 971
862 865
760 763
681 681
308 311
70 76
411 419
857 867
792 796
541 547
690 690
76 80
775 783
646 655
93 98
383 392
704 711
500 504
324 330
881 890
354 362
402 402
266 275
138 141
34 42
790 792
177 178
501 502
41 50
95 100
813 818
837 842
414 416
769 771
375 382
847 853
393 400
840 846
653 654
349 356
846 856
716 722
549 550
646 654
153 162
713 715
497 501
355 356
354 359
54 60
873 880
946 956
158 165
677 681
935 937
704 710
719 724
341 351
148 149
965 965
919 920
816 824
831 840
213 213
975 983
693 699
795 795
362 362
40 44
53 63
241 244
259 267
759 768
107 113
546 549
857 859
128 131
89 96
708 713
390 390
221 228
8 16
137 144
924 927
312 316
309 313
639 644
938 938
288 290
412 416
831 836
1 5
66 68
790 794
285 285
213 213
237 241
157 166
252 258
402 408
767 771
326 333
841 845
443 449
591 601
915 920
521 522
408 412
807 817
525 534
490 500
963 971
707 709
284 293
781 785
421 429
425 428
242 246
30 32
470 474
70 71
38 38
846 846
190 198
762 767
341 349
508 518
51 51
80 90
777 777
68 69
847 847
248 257
484 491
662 663
285 294
256 256
420 427
692 698
713 718
35 45
71 78
641 643
591 594
232 232
347 347
953 954
235 235
307 309
488 493
23 25
241 247
396 403
152 162
413 419
833 837
284 292
772 774
562 569
823 831
106 107
14 15
660 662
541 551
263 267
74 76
102 112
733 742
990 992
558 567
741 750
726 728
638 641
551 561
511 520
634 636
361 365
584 593
420 426
657 658
732 742
655 656
16 20
594 598
399 405
718 719
279 279
215 221
111 111
592 592
571 574
595 601
726 727
971 976
679 679
295 298
880 883
891 892
98 102
807 816
584 593
253 260
70 79
373 382
304 304
822 830
500 503
299 305
154 157
555 558
591 595
827 837
221 221
841 842
621 631
390 399
68 75
354 362
309 314
258 261
554 563
631 634
658 664
689 692
151 154
604 607
639 644
295 297
870 878
190 191
519 524
932 932
729 737
241 247
25 31
206 213
661 665
360 369
169 173
486 487
226 231
32 35
919 923
120 123
629 637
224 229
477 483
8 10
520 524
518 527
810 811
621 630
60 62
320 325
619 622
842 850
566 568
265 271
207 207
590 596
252 256
264 268
5 15
451 451
579 582
347 352
143 151
755 762
313 314
41 41
962 963
832 841
649 658
299 303
999 1005
344 353
549 549
47 49
697 702
595 597
997 1004
926 926
430 439
448 448
192 201
220 227
778 784
665 671
862 870
362 370
496 506
501 507
340 343
96 101
454 463
268 278
539 541
290 294
574 576
902 911
576 581
340 349
138 138
204 211
243 243
252 261
443 449
364 369
86 86
752 754
24 34
193 200
731 735
328 336
54 58
782 783
932 938
621 623
393 397
969 979
172 180
106 113
131 137
816 821
285 286
654 661
903 913
141 146
692 700
223 227
82 89
540 544
965 971
618 623
441 445
138 143
678 684
613 613
731 741
647 648
348 348
596 602
417 424
441 444
385 388
588 591
657 658
525 529
589 596
419 423
688 694
513 523
293 293
401 407
447 451
333 336
14 14
946 950
513 517
719 722
487 494
144 150
635 635
418 422
672 677
424 424
196 206
931 941
947 948
710 713
25 26
885 892
892 896
2 10
710 715
806 810
277 280
542 552
327 335
880 885
739 741
132 132
6 11
597 598
991 992
769 773
101 105
795 797
240 250
528 534
987 995
223 227
232 237
731 737
955 964
131 133
173 175
909 911
829 837
250 258
767 769
852 854
296 305
834 839
631 636
210 213
356 365
377 385
613 614
220 226
370 371
740 742
930 930
973 976
116 119
421 421
130 139
38 48
601 602
726 735
771 774
29 37
387 387
668 676
987 997
647 651
23 32
740 742
292 294
695 699
718 728
266 276
792 795
792 799
960 968
858 866
748 749
614 622
744 749
512 518
398 408
316 317
863 865
979 983
673 678
941 951
552 561
997 1001
369 371
251 261
640 647
313 313
878 878
297 299
54 62
535 542
276 279
573 579
447 455
919 924
550 558
922 923
559 563
501 510
778 788
498 507
365 369
531 539
727 729
20 21
721 725
187 196
489 494
755 757
354 357
397 400
237 244
575 579
325 330
475 484
107 107
420 421
866 868
645 647
709 717
117 126
848 858
810 818
402 409
571 578
143 148
630 630
251 259
307 311
964 972
837 847
861 869
713 720
814 816
599 606
358 366
566 573
514 523
900 906
321 330
368 374
974 974
786 788
871 880
373 373
693 694
624 634
62 64
444 453
701 707
147 147
660 666
850 855
207 208
115 124
791 798
493 501
768 770
109 110
531 533
36 40
110 110
488 491
640 649
435 443
956 956
918 922
796 799
350 359
616 625
873 876
530 540
450 451
192 194
495 501
889 897
120 121
801 808
732 737
817 823
682 691
889 890
382 390
785 793
196 200
476 484
989 991
491 496
159 168
588 598
20 25
54 63
726 726
841 851
523 523
846 847
248 256
64 73
484 487
787 797
369 372
702 710
457 459
668 669
601 607
803 809
512 518
191 201
411 420
707 716
575 581
279 285
349 349
157 162
379 386
420 425
863 865
764 774
126 126
217 223
766 770
248 249
361 369
982 988
13 17
188 198
95 96
426 436
72 76
512 517
274 282
301 310
172 175
261 270
277 285
883 892
741 744
92 102
63 73
446 455
518 527
547 553
198 201
334 340
535 536
486 490
920 925
855 864
41 43
109 110
808 818
376 379
675 680
867 876
267 275
490 495
532 542
436 446
45 54
642 646
983 983
784 793
532 533
757 765
401 408
780 783
936 944
384 391
926 928
878 883
939 943
704 709
906 914
221 224
57 64
843 853
835 837
682 691
630 639
706 716
674 677
461 471
580 589
208 218
638 639
729 731
206 209
397 398
457 461
927 937
125 125
854 856
911 920
46 51
338 344
842 847
347 351
677 681
190 190
21 23
744 749
684 693
443 452
55 55
171 177
700 707
732 736
957 957
846 851
966 974
835 843
355 363
281 282
160 167
944 950
510 513
977 979
666 673
62 72
22 24
442 450
665 670
665 669
224 225
938 946
622 630
816 823
458 459
152 159
528 530
864 866
633 640
535 539
837 844
101 104
663 672
122 125
9 11
917 924
102 107
990 992
515 520
636 643
461 465
181 185
248 248
904 904
706 707
530 540
596 596
735 739
136 142
762 769
64 72
