1000 1000
970 980
703 863
482 880
71 746
949 994
518 958
213 572
625 835
494 692
856 954
996 997
44 906
36 522
188 712
140 556
897 915
350 444
796 943
388 729
173 928
208 241
486 899
709 721
982 993
601 956
606 625
964 986
711 981
950 968
794 885
964 983
722 841
649 656
428 798
19 90
783 966
130 257
770 961
900 973
40 239
565 792
19 948
748 832
778 784
99 880
506 711
133 510
177 884
560 944
585 800
91 900
973 987
582 844
657 780
121 250
237 658
964 984
299 745
77 768
164 251
555 711
149 747
832 908
678 768
631 968
539 907
15 490
108 498
443 548
646 835
493 910
801 890
426 788
48 244
290 896
724 864
687 944
322 464
254 769
993 998
85 468
78 81
257 703
705 725
30 614
182 726
629 838
637 937
948 960
181 834
807 972
318 725
961 973
560 769
697 811
485 986
692 829
257 912
78 274
71 487
94 521
221 902
539 757
283 813
346 737
342 885
194 670
791 937
333 676
204 851
960 976
803 999
951 998
50 697
825 928
123 425
25 350
71 742
779 854
373 448
595 845
400 703
648 716
872 945
876 967
431 959
981 995
729 788
339 554
979 980
8 710
126 349
840 922
445 976
881 882
201 256
349 753
748 760
700 976
316 368
892 977
666 671
653 782
405 483
467 683
708 822
596 720
169 477
413 593
298 514
836 973
911 926
58 797
379 768
765 799
573 985
187 729
617 849
239 992
66 645
425 661
737 907
829 977
882 951
252 663
886 985
186 617
783 946
785 810
4 191
897 969
786 957
213 529
444 780
875 919
614 904
494 552
216 633
20 458
437 745
467 987
500 962
86 789
893 894
642 986
947 979
664 808
28 601
463 528
809 995
938 949
660 782
126 130
887 913
539 783
250 799
966 972
739 873
962 973
896 919
442 506
284 606
323 716
186 741
70 90
487 593
250 927
196 420
970 993
230 754
852 880
366 426
658 694
739 874
57 783
531 816
547 911
628 756
160 700
180 231
980 986
76 280
291 775
120 462
886 933
608 881
35 557
486 862
900 941
558 569
853 854
556 911
432 441
338 811
647 845
259 405
133 186
165 479
346 950
116 912
590 694
957 958
718 882
714 853
857 857
922 971
852 923
20 179
452 540
714 832
582 994
970 979
31 694
531 955
609 628
145 498
317 448
84 969
703 706
627 858
382 912
403 907
344 472
938 943
704 837
912 915
887 993
790 794
882 892
941 951
389 583
823 930
983 999
627 766
374 536
82 745
481 799
858 909
784 791
682 897
163 808
790 978
565 930
6 996
51 310
490 508
583 761
222 619
924 967
45 883
612 792
660 733
878 982
702 918
340 425
817 923
742 825
287 411
420 627
29 810
612 618
670 781
550 828
233 839
246 672
471 726
924 929
308 610
945 961
849 929
779 791
599 760
107 392
577 593
572 886
874 916
629 843
478 615
939 980
322 763
299 462
669 938
638 801
206 927
335 822
69 586
370 379
731 987
847 867
953 975
937 970
769 819
315 709
74 730
954 976
317 536
490 898
164 939
719 818
367 816
746 779
605 789
681 979
645 967
141 830
907 974
860 990
775 782
588 990
275 766
730 825
581 771
416 571
431 450
56 831
816 897
723 936
521 957
286 898
789 870
798 826
925 984
577 781
452 633
644 719
945 952
154 888
877 985
302 634
185 835
178 369
523 932
632 669
370 923
71 402
517 820
901 932
714 781
971 992
91 839
892 957
678 856
822 910
932 936
918 992
775 929
265 804
482 862
753 901
377 965
898 924
319 946
314 891
614 614
631 912
678 778
118 408
972 977
450 587
161 451
507 513
451 904
878 989
154 183
587 983
287 532
69 787
500 816
445 900
767 935
89 429
694 781
616 819
432 850
519 705
152 236
398 636
616 684
833 940
174 278
692 737
595 929
938 995
295 938
292 500
887 930
313 459
503 842
600 614
714 801
136 817
538 733
150 813
273 856
242 250
708 752
604 777
162 382
641 676
773 918
4 954
713 976
494 728
775 795
513 522
969 987
598 678
599 824
668 937
982 988
117 643
119 587
146 489
801 948
19 222
835 923
537 933
376 966
720 986
837 942
900 971
218 633
393 819
740 975
843 908
433 699
412 686
545 857
661 822
493 752
29 433
728 986
545 597
224 367
114 597
590 762
194 977
486 564
728 887
197 452
569 835
258 705
468 807
66 818
402 832
565 977
781 828
519 960
306 949
58 960
885 929
427 461
988 998
511 648
686 944
721 839
933 963
714 791
955 978
811 851
891 978
908 969
16 695
870 964
851 946
416 947
531 963
370 763
648 821
286 627
468 666
352 595
878 990
597 985
967 981
142 721
534 810
169 614
508 571
638 948
754 965
314 947
207 939
176 443
986 990
148 655
776 802
359 560
245 718
638 919
261 445
980 986
645 838
935 939
740 870
283 612
617 712
273 493
452 756
661 663
901 985
859 957
398 552
275 400
159 637
794 870
76 935
878 916
85 125
258 518
498 504
576 952
427 502
847 956
381 551
304 500
663 722
455 533
327 615
822 947
400 925
929 991
34 232
783 926
28 56
558 871
861 891
860 929
860 983
902 962
159 691
211 407
253 772
375 596
462 526
971 982
702 735
17 822
92 443
627 728
450 795
938 950
385 740
518 779
420 810
666 726
662 992
818 895
956 995
332 951
334 998
200 604
855 928
605 954
404 537
104 210
983 992
496 868
379 834
780 847
601 771
405 849
49 761
153 659
378 601
638 638
943 988
142 816
320 613
71 975
992 994
776 862
412 950
216 574
200 602
320 596
397 875
839 886
722 778
646 796
807 963
983 999
610 843
29 391
206 691
271 570
695 793
599 678
278 473
531 941
555 622
939 948
319 961
577 755
236 779
541 763
630 870
892 915
411 717
797 918
889 949
84 458
884 959
123 483
972 972
70 918
63 794
598 659
443 776
498 553
934 950
102 135
343 666
731 997
493 758
400 427
248 913
104 543
599 823
168 446
268 320
523 751
951 996
470 764
901 989
520 576
612 718
849 934
987 998
434 899
654 833
500 942
623 661
507 718
51 939
703 831
756 933
912 978
376 919
327 747
801 995
954 979
204 790
768 936
270 781
842 852
694 870
13 108
73 337
730 760
581 666
188 902
398 576
206 615
477 918
920 956
719 753
437 644
418 706
473 668
239 355
142 374
167 653
522 921
705 850
431 585
493 708
375 856
379 583
864 905
769 854
241 844
676 853
475 821
16 463
952 980
625 912
593 787
156 952
320 791
752 768
874 943
940 979
570 872
480 745
454 868
173 223
528 578
176 380
771 882
2 288
312 881
4 813
590 994
59 637
641 815
528 876
604 960
825 992
991 999
533 535
928 999
651 892
832 854
514 668
730 913
442 555
14 439
954 956
412 526
198 571
237 609
738 931
436 617
829 872
34 561
492 948
455 657
878 923
221 745
97 821
972 985
863 978
926 939
607 991
51 216
168 742
345 578
552 914
819 897
358 431
957 980
329 794
487 586
242 654
664 694
763 763
282 649
789 960
840 845
870 942
673 886
820 885
255 891
215 900
167 715
372 923
179 483
328 909
597 632
583 890
822 910
188 720
52 256
390 475
195 292
201 283
575 931
840 841
771 848
479 739
550 699
553 905
249 406
519 736
47 437
2 604
801 977
214 741
180 308
155 534
393 866
319 404
223 842
382 853
622 736
539 961
494 894
169 355
515 739
252 956
507 987
888 922
153 841
495 689
302 629
990 998
870 947
214 821
958 959
333 828
414 634
457 532
647 763
76 707
690 876
697 804
587 796
732 985
666 783
469 553
742 815
188 245
992 997
229 642
718 989
491 892
283 668
723 894
387 855
423 587
574 850
559 857
731 923
102 727
733 830
343 406
402 851
636 726
326 577
17 542
342 957
113 857
426 796
829 895
761 775
421 989
846 885
457 810
919 934
264 874
996 996
284 551
571 691
824 997
229 863
533 960
16 658
129 864
818 968
943 944
561 673
202 804
292 321
377 918
683 885
168 491
908 983
621 773
153 326
411 985
858 900
157 495
296 781
671 927
856 973
691 958
56 967
975 991
26 799
356 483
874 928
348 409
520 600
448 821
238 364
752 812
35 210
403 758
505 660
672 876
597 741
750 951
295 980
642 821
372 944
909 909
360 455
223 264
493 605
632 670
949 995
409 431
19 647
58 241
478 855
467 529
708 872
64 223
66 485
193 468
411 434
770 807
253 731
365 973
527 742
149 914
657 713
500 891
855 974
298 967
691 978
103 147
385 733
57 448
942 985
253 475
181 513
581 955
183 465
310 853
31 623
972 989
263 334
184 692
817 876
163 271
508 731
639 720
458 622
601 752
962 977
994 995
805 880
596 959
467 509
899 977
926 996
932 990
455 953
769 873
108 140
644 845
424 960
468 518
731 850
441 666
789 973
695 713
188 816
789 843
621 847
265 764
853 933
732 923
162 888
71 308
434 971
42 432
801 854
296 554
315 782
619 793
925 928
985 993
832 855
636 938
630 775
642 857
826 902
