10000 10000
9474 9973
8069 8724
9615 9958
3249 8420
3423 5471
9785 9934
2889 5707
8397 9928
4959 6365
7882 7952
374 6191
5254 7145
5657 6170
9027 9312
2383 5959
4240 9352
73 2956
9846 9902
9118 9316
8553 8800
9748 9835
23 1824
4554 5180
2106 7627
5394 7296
6044 6242
2302 5202
5268 9297
1404 2125
8758 8768
2862 7897
3922 9164
2460 8407
5072 6307
6402 8053
2799 7441
1213 9425
6354 7412
8452 9131
4177 8251
7311 9153
6531 7987
5610 9419
2889 5010
9659 9823
5966 6385
2851 2864
7846 9934
4108 4365
3677 8004
7518 9195
7668 9314
7597 8320
5406 8537
6294 8461
5761 7239
5655 5697
429 4823
88 9921
1549 8449
189 7642
5123 8440
4851 9514
5768 9713
1254 7015
6127 7607
7640 7889
3388 8427
2793 2815
9773 9775
7744 9255
6939 7850
4982 5808
4500 9407
384 8930
104 6966
5817 9619
8428 8636
5460 7629
4872 7967
3699 9474
6179 7286
1289 5555
3057 9716
7398 7922
6450 9470
1869 6833
6862 9958
9090 9945
9694 9709
1858 2665
384 5967
9353 9512
4096 7808
9387 9717
4249 4934
7689 9840
4544 6187
9950 9977
2089 5550
4985 7776
5346 9458
546 6230
2662 7934
2724 5690
8227 9433
6119 9186
4 6240
5809 9804
9140 9184
9877 9990
7293 9156
1730 7501
5353 6488
7204 9910
6358 8843
5339 7100
3307 7483
9956 9975
6129 6325
1474 5430
2942 3939
8192 8523
7843 8646
2605 5813
2669 3368
7334 9142
4095 4690
3609 3642
7093 9259
9833 9857
6033 6580
8959 9408
5598 8146
684 1717
3146 9451
1327 7818
3351 3619
708 1616
5266 7184
1682 8753
8589 9646
1467 1722
9193 9245
2099 3079
1665 6044
5870 6784
8981 9468
3930 4138
8633 9541
2526 5663
6218 9233
70 7859
780 5060
8303 8772
8201 8631
7926 9254
8570 9071
3497 8391
8981 9333
6078 8139
6917 9000
3194 5501
1398 9992
440 2443
6828 9253
9480 9747
1454 4078
3360 9973
7386 9259
6697 8226
5859 7556
9412 9412
7787 8174
3732 6706
2045 6425
8912 9260
4717 5226
686 7776
963 7443
3135 5202
446 3723
1280 5019
2004 2591
8287 9586
4132 5566
783 5585
7145 8000
3956 8720
4954 7689
702 8690
6202 8657
5362 8306
9846 9992
7381 7599
8541 8959
5578 5973
8308 8898
6444 7239
9234 9253
1019 5171
491 1531
5412 5769
3374 7350
6758 9924
4302 9438
3024 9991
1897 9426
2667 5815
1866 6353
3534 9853
9253 9257
9045 9670
6566 9612
572 868
9373 9537
7391 8255
2920 5523
2210 3281
925 5164
7427 8329
6472 7332
8611 9992
9030 9033
1533 5184
7057 7316
6421 8318
1524 2431
8754 8895
2468 8005
8760 9162
6822 9888
1892 6895
2233 9749
3206 5484
4112 8478
3607 8438
2459 5319
264 7746
2694 3925
8360 8708
2343 2512
320 4346
3810 9245
6559 7335
4298 6314
4645 6608
8594 9167
6865 7064
2867 3092
8654 8752
5172 7731
4314 5481
5653 8386
964 5227
3038 6515
2299 8225
9239 9526
3396 6489
6661 9130
6363 8025
6589 7042
3568 7458
738 8167
1434 8330
571 6076
8547 9288
2460 2777
5692 9252
1465 9199
915 3969
2604 4754
2433 2437
3434 5388
9714 9844
5258 5643
873 6722
9785 9960
4429 5327
1642 9742
8063 8723
5056 5930
5152 6417
3775 7309
4819 7119
3322 6309
3970 7751
3386 9535
6083 6307
3020 4182
7136 7363
5431 9424
1285 3054
1289 1658
6999 9816
1367 8179
3039 4963
2167 3707
2229 5660
4903 5323
6410 7740
1355 9621
8413 8448
9554 9786
4055 4502
673 9902
3112 6320
6324 8073
1928 9490
9860 9997
6179 8820
8849 9659
7162 8559
4600 7458
270 9262
1694 7161
5665 6302
5018 9000
5862 6696
6327 7124
1286 4939
9159 9946
8980 9857
4727 7860
5716 5721
4559 9402
2796 8536
2515 4629
7366 8101
2002 5158
7647 9509
4310 8527
9528 9810
7777 8383
5238 7261
7006 9017
4536 4888
9728 9917
5291 7065
6364 9447
1179 7599
5779 8524
158 6630
4061 8265
6957 9276
7962 9925
6417 7844
5509 6463
1261 8651
7672 7871
3661 7342
5754 6873
8380 8878
5371 7019
9210 9926
5080 5348
3077 6451
4128 4777
856 1966
4651 6372
4477 6453
5588 9402
8132 8244
2088 9650
163 6246
8855 8940
4329 6972
3602 7375
4065 4519
1802 3369
3775 7188
1936 5253
328 1205
2262 5386
4693 5626
9967 9997
6411 7053
1551 6863
3691 8014
8906 9840
1800 7876
2479 8576
6708 8063
8465 9827
1963 5990
6797 7615
6053 9414
2043 3627
587 5054
1722 9421
6749 9754
5271 7434
8894 9948
7692 8694
2462 3581
5953 7311
6535 9657
3041 4678
1301 9961
3628 9425
4888 8027
5437 5579
2413 3218
2493 5749
1430 6579
6888 8616
2945 9109
7196 9902
512 2875
1353 5445
2398 8777
3566 6542
968 2058
9624 9930
4152 8760
2001 3049
3889 6108
2891 8729
5865 6032
5782 9840
7452 8246
4745 7563
9998 9998
2624 2896
6499 9617
9757 9859
785 4186
5281 9740
6148 9627
5777 8360
2342 7077
5155 9877
7764 9965
9209 9902
6529 9349
9231 9934
1303 6935
5685 9704
817 894
2664 6872
9096 9169
6434 6727
9592 9678
5377 6421
4092 6243
2815 2899
4632 6449
1513 8525
8571 9255
7142 7559
6770 8060
8137 9907
698 3564
7250 9603
9078 9818
3820 4908
4892 5083
9110 9694
753 6011
6016 8244
5459 5575
1744 8761
3050 9068
1059 8551
1957 7974
1691 2021
9646 9773
5030 9197
2224 3293
5850 5988
6058 6775
8291 8466
6021 9775
6906 8304
346 6266
19 8156
3628 9797
9105 9969
6565 9117
8012 8632
2976 6450
3136 5924
4303 9054
3089 9488
5895 8589
2983 6284
9636 9775
2408 4348
6080 8537
9734 9846
9660 9754
8202 9361
790 8493
7138 8892
4071 4805
6743 7260
8815 9604
3384 6167
6962 7810
8747 9294
26 3635
9627 9890
8983 9787
9575 9852
2454 4158
4768 6100
5773 7858
1919 7030
7759 8816
3473 9699
6146 7418
4689 8499
1740 8437
2191 5295
7108 7388
7523 9542
4802 6297
2174 7528
8632 8718
2148 2191
5875 7410
6867 8907
3352 3998
4578 4652
6703 7596
7509 8498
5207 9072
1211 5717
252 5721
8184 8315
8263 8472
7973 8495
5059 7764
7447 8822
8437 8574
1099 7475
2036 7687
2701 3104
6451 9838
6763 8915
4035 6241
462 9251
9002 9470
5694 7738
2602 4118
3840 8696
4773 7666
2489 3368
1133 5846
5502 6278
9701 9923
8994 9559
5180 8033
9850 9882
5749 6827
6921 9861
2840 6422
332 4918
8478 8587
9814 9919
2643 7766
1573 7379
5907 7590
5431 9288
1669 7104
4007 8051
8564 9425
8673 9259
3125 3207
4701 5603
8364 9951
505 9389
6565 9265
9273 9381
9693 9929
513 9606
4135 6927
4864 8554
9594 9887
3260 3934
3328 8076
5972 9175
4056 4097
3556 6371
7824 9439
6079 6287
7633 9257
8552 9925
9481 9750
5875 8759
3435 5797
1045 9375
6173 8532
6294 7319
93 9818
5797 9387
4467 9060
3276 8240
228 8871
8813 9001
5915 6055
7286 9664
6742 9096
7032 9367
4656 5305
4315 4317
4252 5185
314 8062
6096 9883
9077 9607
2296 6871
977 2083
7496 9337
8678 9797
5699 8555
6933 9590
1700 7049
8963 9399
7687 8428
3128 7004
4013 9600
1853 3854
7978 9795
644 4995
6391 8864
3569 4885
9602 9691
6430 6759
2417 7250
2562 9025
2729 9967
4967 8970
6891 9171
8698 9426
2582 8506
9347 9491
7032 7407
9260 9482
7939 9078
539 7138
8834 9095
5822 6043
3130 8224
4220 8854
904 8529
5554 6943
4880 6202
10 4441
9065 9604
4274 6703
7973 9736
3696 6371
6652 9147
634 4982
3968 4521
1057 4445
4627 5715
4945 7710
5259 6300
4983 9036
5903 9646
5003 5404
4290 6479
6789 9960
2492 8437
6622 9371
4590 8731
388 4804
1611 5910
3704 9991
5234 5858
7268 9584
1157 3014
1966 2438
3060 6291
254 5458
1233 5518
7298 9196
9212 9979
1083 5313
6221 8609
120 3868
4925 8661
6253 6788
2875 9082
1939 2921
9143 9546
9856 9878
4697 9015
1411 7427
1459 2251
7387 8638
7213 9796
1588 8012
4527 7845
4771 7796
8416 9419
7330 9824
1600 5290
4688 7571
9384 9465
1517 6981
8329 9436
549 7589
4865 8854
5538 7643
628 2554
8421 9220
361 2923
6913 8115
5322 8978
719 4365
9599 9675
5237 5985
2943 7201
9424 9947
3326 8088
4933 5668
5705 5776
9513 9543
2881 4255
7394 8274
8563 9589
9230 9548
1936 6667
4106 7936
132 3447
4923 6935
2109 3324
2980 8548
39 1499
1605 3741
9727 9870
6026 6684
7753 8233
3240 5470
6646 8798
3593 8612
5792 8381
3579 5625
2821 5513
4652 6298
9765 9951
7153 9215
3067 9809
8898 9619
6157 9053
1055 7039
7211 7948
9871 9935
5141 8442
7350 7485
4810 8149
4485 6626
8548 9465
6649 7531
7187 7694
5420 7891
3416 6557
6314 6616
3432 8532
1823 2213
2966 6373
3763 6297
8493 9686
4777 9846
7673 8085
2658 5839
5397 8737
5854 8701
3924 8104
5126 6451
228 7593
4329 7162
8312 9907
7830 8082
5881 9596
2431 7874
488 3179
2900 4853
4218 4404
5995 6207
2507 5235
6034 8482
532 3599
5543 8856
5337 7709
4734 5034
5947 9883
9741 9816
6297 9907
2207 4681
6219 9226
9734 9969
7927 8945
3362 5476
4106 8653
2988 8216
8019 9071
9777 9840
3579 5657
1683 3070
5424 8310
822 4549
2080 8822
243 4903
2782 5029
122 3975
4440 8834
9178 9386
9736 9840
2948 6878
1945 3547
6111 8096
2243 5083
5316 5944
7834 9977
4674 9524
6723 8813
4336 5705
1220 8073
7562 7914
5618 7074
2028 6164
4535 7173
3056 9284
2702 7273
4955 7202
4078 4123
493 5993
4930 6095
1496 8412
728 1747
722 3940
7606 8490
6702 9474
7443 9043
6858 9587
1029 3286
7280 9701
1685 4303
679 2339
4879 8877
8308 9598
6736 8900
5938 9142
306 4036
5188 7738
2854 8082
5340 6865
5385 7605
8049 9868
7832 8532
2523 3415
4874 8591
5276 5381
1933 8664
5319 5492
2674 5671
3956 6270
5439 9545
509 1627
7498 8907
548 4193
114 7992
5574 7409
833 6227
8386 9149
4918 9136
7110 7937
5849 8889
1635 8424
2427 8556
3127 5595
2583 8923
5638 5854
8684 8765
7974 8539
758 6514
894 3671
611 9080
504 3901
7284 8821
6126 7567
5040 5486
7891 9064
321 528
4137 7703
3736 9558
6716 9138
9328 9510
6608 9369
5222 9322
8240 9647
1806 5370
282 2914
4570 5044
6114 7388
2824 9956
6423 7406
8613 8928
8502 9660
5638 8563
6915 7753
5693 7300
3150 6198
2129 2677
6486 6594
7433 8669
3989 7289
8507 8513
3934 6019
4117 7490
647 7629
9811 9819
6192 8155
9139 9591
4340 4757
328 9850
1323 5164
579 7404
7898 8013
5146 7371
6513 9534
2881 7502
234 2450
5716 9187
9058 9328
1658 9871
7708 8276
8833 9134
2636 4815
4916 5185
29 4520
4741 8834
9854 9932
338 1759
4638 8954
2437 5371
9642 9783
4593 9373
1701 1776
2331 7019
7267 9404
2894 8964
1075 8692
2183 4865
7634 8659
7807 9109
7080 8194
2520 5170
1897 5488
7790 9536
1295 3027
239 1242
6051 6612
9270 9992
4349 6390
1512 3733
1058 2193
7185 9232
313 1394
3200 4723
6086 9472
4693 8309
191 297
8969 9149
1025 1645
5768 6645
8249 9434
2644 7044
9904 9948
5680 8302
6606 7605
7797 7822
7616 9472
3269 7149
42 1049
206 2014
1173 6686
8830 9934
4808 7160
9948 9983
4495 5419
3540 6995
6717 7531
148 6853
7572 9479
8543 8805
389 1735
5948 9101
1998 3703
1378 1897
7364 9418
5005 6028
7458 7827
7455 7523
4350 7225
8726 8885
1890 8534
8587 9824
8686 8726
5788 8607
8062 8168
6453 9494
7510 8965
9738 9821
677 2496
5134 8902
5501 9951
1928 6402
1616 4908
3892 4928
4893 7187
2150 6862
6526 7333
211 2026
5433 8794
134 3613
5216 5848
1603 2136
1857 9710
632 4281
8103 9717
3639 4191
6822 7303
6522 8475
2280 3739
6192 8835
2123 5927
5184 8116
2132 7723
6955 8374
971 9578
275 7257
2823 3802
5070 9446
2236 3631
6859 7521
4363 5732
9706 9765
5779 6308
7393 8083
9087 9768
8252 8536
8888 9163
889 7993
9311 9683
8129 8599
5928 8983
7114 8198
5361 6326
6109 9886
517 5604
844 1532
5646 9494
2130 8997
3599 6818
4803 5482
5277 9967
716 6376
1616 3486
2797 8724
168 9295
1027 9375
1941 3414
2812 4264
5243 9892
2785 9976
1676 6453
3698 4381
3365 5158
9566 9910
995 9791
1478 7253
7380 9340
9287 9403
5714 8429
386 3784
7288 9435
558 9158
2876 4339
6208 6271
853 7198
7403 7429
7235 9829
2782 2987
2221 8850
2314 7952
3349 4958
4362 5585
9958 9965
3880 5097
6327 7702
8037 8540
6894 9404
8365 9018
7806 8645
1709 8656
4801 5696
6478 6783
8685 8796
2774 5139
729 3258
168 2213
4810 7243
6668 9144
1653 4076
5698 8970
3686 4447
5404 6477
4065 8707
2402 9283
8829 9655
2049 5786
7243 9754
2234 8376
3759 7138
2163 5874
8037 8102
5838 6257
6516 9288
8495 8754
351 7906
3150 8040
3282 5969
4074 6262
5732 9208
8526 8704
726 7045
5629 6948
1961 4039
5980 9561
5051 9525
9460 9469
4828 6444
7972 8146
7733 8487
3559 5285
1199 8998
2324 8298
1458 2454
2090 3712
2324 3073
31 6841
5760 6615
6804 7318
1790 5343
3806 4706
3254 4229
8566 9057
7785 7794
9946 9956
3566 9394
2158 6398
8716 9697
7702 9663
2560 6259
4898 5301
5511 6266
4980 6755
6288 6752
1700 4568
6501 6981
8115 8377
2245 3300
3972 6529
9602 9717
7937 8535
6003 8985
74 3144
3449 9108
7895 8454
3606 5963
1282 6014
7931 8615
6749 9243
3559 6495
1883 4910
5734 9537
4299 6055
2665 6208
6577 8911
9227 9639
4777 8818
2391 5900
8352 9126
5935 7873
2962 8669
3109 7055
9019 9098
5310 8494
9416 9930
858 4740
5376 7731
6625 9904
7042 7331
889 7689
1419 4960
3991 8383
221 7864
4452 6333
3750 8557
2683 4143
5103 7586
1727 8016
7208 8269
5433 8866
3219 5760
7020 7315
4696 7125
8389 9211
7847 8975
7309 8989
9874 9878
9206 9254
4044 9732
9155 9512
7772 8162
2186 4705
6000 9394
3602 8730
2332 4938
508 5088
8719 9017
5223 5968
5665 9509
8044 8286
6665 7055
6100 8846
1510 6431
3372 6275
3804 5434
5425 7743
7943 8119
2201 2497
8603 9413
402 9285
9463 9878
8106 9563
1294 8423
136 5475
4276 9341
9045 9375
6796 8870
195 2707
3224 5191
6768 8479
6647 7364
2449 2508
3566 6035
4775 8277
326 1550
8694 9797
1748 3616
883 2819
7538 7845
6009 8678
3028 7722
8958 9752
6042 8248
2627 6754
388 6225
7355 8519
1950 2794
458 6107
3768 8304
6202 6817
433 1387
5568 9050
4630 8528
4816 6051
1307 6693
3933 4773
6201 9946
2345 6379
1353 7004
5659 6851
441 4624
6334 7004
59 5292
7641 8389
4594 4805
6297 9174
3964 7707
7407 9549
4311 9009
8089 9157
7731 9439
897 2404
5923 7402
7733 8160
4464 4986
4616 9378
6384 7598
9195 9213
936 2837
6208 6804
5415 6781
6690 8592
2172 3294
4644 7106
5687 9227
3741 5356
6736 8033
3613 5782
4923 7351
2799 4684
7968 8937
7878 9388
1770 3021
7559 9884
6476 7114
2416 5682
9035 9393
8898 9732
362 6856
4651 6566
4185 8825
7473 8050
1560 5674
1618 8201
9139 9545
1756 9840
2626 8801
984 4852
3113 7641
7031 9427
7728 8864
7671 9093
1000 8341
9507 9744
1815 2538
4689 9004
7429 8489
3318 7371
6157 7178
9232 9503
8831 9803
4720 5361
8882 9235
3656 4169
4473 8520
5675 6722
2688 9518
1242 2043
3840 4658
9886 9948
3804 6584
697 8142
4269 9382
1146 2647
4661 9262
7073 8360
2786 5897
1329 4158
9186 9433
3372 6266
8362 9160
5514 6742
1280 2037
6375 8243
7784 9204
3606 8387
5812 8785
257 5060
9597 9948
2598 6295
4711 5160
9967 9979
7509 9953
3073 8090
1654 7994
8651 9824
6019 8646
8465 9670
461 7887
3703 5464
8655 9850
2196 2985
7974 9153
5435 5893
3895 6963
5924 8544
3822 9249
5777 8921
9847 9884
3010 8225
1665 9785
1743 6933
8991 9405
2534 2671
9928 9961
546 7170
8839 9877
7051 8990
4098 9891
1020 8401
1265 2924
7812 9202
3025 5824
6140 6824
894 2790
618 2653
974 6257
7249 9310
8897 9983
3492 9446
8193 8419
4356 9065
2751 5305
8215 8560
4886 6985
7573 7812
5514 6044
4030 4460
7990 8390
2768 6449
8957 9946
1294 8905
930 6759
4809 6421
8186 8984
6008 6044
8284 9628
7149 9999
715 9073
3773 5422
3425 9757
4606 9367
6474 6918
2902 9269
9103 9698
3701 6083
833 6460
3769 5913
1313 2176
553 9079
6284 9315
6928 7283
2377 2870
523 9923
4419 7067
8136 9282
7647 9436
2636 3122
5682 8469
3445 7280
4938 5982
2776 3201
1544 9727
3853 7360
8572 8926
7056 8338
3890 8979
4424 5339
571 2375
9204 9340
2009 4521
624 2124
9758 9969
1832 9484
6219 8947
7234 7926
7900 9886
5915 8020
2150 4758
3702 6460
6723 8341
8086 8919
7806 8762
649 6287
6042 8832
6027 8067
6573 8201
7369 8731
636 5589
928 9899
9367 9564
4980 9984
5104 7100
8744 9148
9115 9851
9623 9729
7521 9602
4760 9735
9232 9458
1564 6079
2234 5198
5930 8700
5348 8709
4282 8728
8164 9547
9032 9126
1145 3481
5555 9973
2596 6921
9628 9828
9759 9965
4066 6824
419 2869
9936 9987
421 643
4242 6271
7621 9918
1010 4491
2475 7868
6329 8285
4603 8575
305 7906
3127 3576
7333 9814
2260 3370
6725 8216
8159 8869
3514 5552
3187 8019
3801 8122
6267 8770
6416 8807
1413 5192
1994 8459
7346 7543
257 875
4348 9021
1749 7025
1808 2660
9717 9865
4803 5055
398 6310
2453 8782
6874 9210
3999 5704
7445 7673
8489 9091
9960 9962
8908 9962
4595 8760
6047 7535
2215 2903
3942 4478
3195 8606
770 9827
456 8634
9704 9811
60 6778
1396 3648
8280 9793
1444 8481
2074 5379
1325 8953
9004 9359
4770 6226
4876 5856
8973 9591
6216 7818
2523 5231
3128 5020
893 8144
1292 7020
1168 9983
3912 5255
2472 4695
3249 6253
7828 8410
6612 9109
961 8700
6244 8912
4975 9607
5060 6466
8286 9205
9350 9412
5536 9283
9770 9984
5642 5791
2993 8096
5129 9183
1199 6323
9090 9424
678 7768
755 936
4446 4590
1761 7930
8934 9735
9124 9463
7439 8176
7766 8524
4175 4423
8146 8695
2778 6396
1156 3722
5394 6456
7558 9723
6049 9590
4755 9116
6632 9335
9758 9794
6968 7170
4264 4665
2737 4780
6204 8020
4153 5446
2904 9857
7940 8522
8511 9145
4691 6080
7575 9246
97 2797
8226 8645
1290 9234
5228 6462
1072 9820
8615 9528
524 8812
1021 3626
3405 8678
6368 9998
6204 7611
7211 7815
8613 9721
480 9690
9808 9936
3954 3985
1493 6637
7201 7663
1392 5157
1978 7420
7317 9107
896 4840
5128 8744
2199 3404
9942 9979
1430 2454
3805 4720
7929 9914
1123 5792
5802 6532
1799 8018
4070 9369
5435 8700
2220 8512
3802 6243
602 8428
6073 8585
672 4817
1066 4652
1263 7295
2813 3860
4928 5029
9776 9954
8973 9857
1839 6649
8540 9635
2176 6124
7031 9816
3621 9502
7171 8630
5764 6368
8705 9379
1358 5061
2174 5380
6758 9100
3516 7451
4539 4627
9850 9965
6710 9724
1546 8659
6464 8619
3678 9684
8287 9401
8524 9760
204 8796
9415 9900
1736 3686
7949 8513
3579 7136
7796 8988
6029 8922
7020 8255
3242 5199
3453 3603
7291 7795
139 5683
4177 9066
4009 8701
2997 7506
995 8304
5674 8431
7210 8294
2925 8652
3633 4008
3416 6847
2617 7741
1155 1463
7923 9511
916 2892
7513 7884
5666 6424
2836 9377
2069 2163
9561 9963
571 7617
1957 5744
3219 9283
7383 9893
6476 9596
1703 1997
9432 9787
3597 7768
2106 8393
1976 5563
4025 7810
4412 6680
1070 8195
6558 6949
1294 9235
8578 9534
8339 9670
3912 5114
3938 9304
6900 7043
8615 9610
8974 9743
6405 6476
1349 6125
5718 8751
755 4908
7720 7752
4916 7111
3851 4206
7437 7502
6463 8005
7793 7849
6836 8213
500 5372
4195 6687
3982 5100
2718 6636
1531 7432
3396 5986
54 6061
6139 6705
6569 8034
2875 7091
6390 9847
9893 9978
4573 6883
6581 8286
9521 9588
9373 9770
7148 8139
2711 5625
6357 9059
2582 9326
8675 9164
1346 9165
4724 5113
7517 8322
2973 9138
3977 6741
1401 9446
9209 9754
3577 5049
318 6776
8920 9657
2428 7859
4120 4598
3212 5374
7494 8681
9898 9933
7579 8614
1533 4426
9093 9391
3605 4445
2029 5152
2149 3928
8489 9165
1859 9608
3223 6265
5034 6055
8739 9346
1998 5004
8076 8935
1833 2705
2707 7001
1034 5876
7834 9279
2388 8014
4666 8178
2818 5101
1535 2246
4947 6536
8481 9859
859 7151
7042 7084
9429 9835
9726 9950
8164 8383
7598 8356
7606 7640
200 8460
364 8424
4174 5066
779 9225
3095 9724
3459 5151
4384 5333
4458 7522
4037 4579
4124 4403
1304 1593
6984 8268
4237 7897
7270 9692
2096 9905
6743 7726
6197 6558
9467 9511
6280 9033
7054 8424
8783 9420
6735 9358
3903 6981
5163 5810
646 1944
4946 5199
3081 4168
4385 8916
3289 6007
8366 9887
2042 3671
7007 9239
5680 9645
6500 8407
4702 5096
124 8951
4968 7309
4994 7592
40 5697
212 6529
7091 9599
3246 3515
775 9041
4288 7617
989 7331
7522 9418
7003 8785
3510 9011
7826 8324
5478 8815
6244 8913
3408 6888
145 7703
9997 9997
594 5952
4816 7896
6015 6505
8802 9889
569 7021
9863 9878
1891 2426
6741 8163
1807 5233
1369 8922
8948 9148
8799 9976
5847 9763
9276 9716
541 3248
1823 6443
8574 9766
6842 9036
7509 9455
4912 9314
55 6743
7238 9562
4617 8735
8120 9160
6580 8399
8313 9345
4420 7419
1089 5865
2840 5685
2262 8273
9549 9974
8572 9667
9051 9390
3896 8220
3268 5827
3616 7666
6518 9019
8599 9398
1685 4504
4342 5905
3815 3923
5283 6460
5863 6140
1340 1373
8223 9555
9740 9996
6215 7101
29 6602
1021 5934
8411 8572
1442 7329
2832 9293
3778 4275
3757 5872
8134 9891
3885 4343
5737 9316
1076 9931
8482 9351
6467 9585
8422 9092
5921 7661
8672 9887
4779 9071
5013 5680
897 8938
964 1553
526 4584
4232 4432
2979 3877
15 1224
9354 9445
6242 7121
5567 9700
3478 6009
4874 6581
3918 3979
4049 9157
8611 8619
3487 5160
2580 6273
999 3566
6296 8707
638 4890
2945 6264
1308 8217
9475 9619
6330 9445
1232 1546
6663 9908
2968 5637
2903 9136
8493 9218
278 778
6418 9693
377 4910
4393 7210
2039 9740
5851 7651
9918 9940
1740 6364
9155 9599
7949 9545
8286 8478
6633 9207
561 6637
4426 5692
9736 9789
5903 9268
3948 7287
1506 4690
9047 9684
9535 9850
7766 9519
9062 9261
3209 4697
7182 9217
1867 4354
4353 8602
951 9204
5825 9441
9310 9641
5469 6927
2711 6352
1505 6241
531 3102
3573 5167
5730 8449
3630 4805
183 1161
4036 4922
2984 9562
6885 7857
1696 6837
2068 2835
59 1008
200 2857
6586 6827
821 7509
3315 7442
7604 8557
7346 9588
6688 7014
8600 9551
8417 9637
6854 9332
2260 6024
9933 9974
3085 4085
1520 7911
2620 8445
2003 6306
5684 6448
4979 8486
3351 6279
5020 8939
717 4953
7222 9153
6702 7594
525 9673
9122 9128
8041 9942
3825 9801
4127 4391
5288 9754
1950 9174
3741 7657
3915 4989
6639 7129
883 1215
1945 3789
8776 9673
9928 9940
5804 6612
9448 9834
8440 9456
2682 4089
5799 7044
3882 6168
2361 5858
3654 9183
5598 6207
5505 8566
7403 7987
2347 5206
4321 4896
1125 8586
9718 9798
5507 8959
2090 6505
6412 8413
6878 9855
4837 7541
6336 9326
3836 8388
1786 7487
2054 4231
2015 4435
2516 5400
4572 8945
8088 9176
2182 2257
570 2667
6570 7972
1364 6939
7189 8965
5420 6068
9313 9692
2048 2514
2688 6378
6327 7938
1192 9148
5661 8990
8766 9623
80 831
3711 7621
8810 9362
5145 6800
8587 9414
2976 9804
4724 6182
8790 8950
5975 9729
1032 3544
1019 3353
2671 6988
9020 9421
3308 8913
9714 9734
6662 6710
7112 7965
7359 8664
658 7064
7126 9630
3168 4661
2703 6827
7667 9131
3078 7861
7971 8460
1852 9885
1201 1854
7529 9207
1936 8260
4454 6676
5171 8231
2025 4614
7238 9073
2855 8199
7805 8728
6564 8587
139 7117
7378 9213
5009 6634
5505 9140
5779 6124
543 5633
6276 9961
8774 9750
8875 9066
1807 3408
1554 2312
4960 4963
174 6048
3220 8569
9998 9999
2468 7022
4486 9849
8656 9243
4292 8017
3272 6825
7264 7579
1576 7779
9639 9787
345 7655
9655 9791
8126 8489
8611 9490
2784 5714
6364 7386
6910 7335
371 7047
9536 9776
4792 6041
4447 6240
9822 9990
4578 6406
185 5219
3494 9749
2073 2214
1902 6668
7510 9483
4790 8966
390 4508
9596 9817
9704 9788
8317 9885
6543 7676
1972 3733
8017 9860
4720 9537
8073 8817
6793 6919
1872 5684
314 5162
3572 7082
5932 9880
955 8893
6421 7487
7277 8700
4148 9209
1128 1216
9537 9989
9990 9990
7693 8416
3470 9602
7694 8354
2693 6901
5867 8627
2634 8352
5724 8273
5432 5699
4559 5826
6510 7765
3274 9436
8249 8513
420 8048
1574 9489
7495 7798
2242 4354
1486 4641
7510 8873
1206 7264
4427 5933
3233 3303
3064 7843
4849 5637
6880 8389
1506 4662
4596 8501
1040 3651
6152 9338
5679 8778
4519 9287
8401 9779
7070 7361
5376 8208
484 5276
410 6182
3902 4017
6494 9022
6342 7684
8520 9733
8918 9299
1673 9926
9571 9840
8696 9972
2961 9249
3547 9447
5858 8220
6821 8478
3227 5693
7623 9593
5914 6485
8954 9365
6033 9257
858 1343
4797 5580
3488 6485
3262 4290
607 2464
6727 9656
1636 6955
1571 3008
193 7160
8343 9809
6912 7511
2507 4063
9320 9684
990 9460
8293 8884
4811 5946
226 8418
9006 9554
2738 3593
1837 7668
9592 9713
4505 5973
648 1387
7267 8959
4528 5317
9951 9996
9072 9599
9877 9953
4662 5090
2094 5866
2524 2873
5515 9329
804 1753
856 5328
4288 7765
9997 9998
9271 9922
254 2461
2568 4609
3026 9521
2458 2908
7433 9217
6309 6488
5999 7219
6091 6335
7319 7920
459 8203
3558 8130
2194 4789
2799 5700
7631 7869
3918 7878
3597 5487
2733 4444
7178 7252
7801 8937
3918 5806
7787 9486
4181 9065
3275 9246
9262 9593
4076 8821
1673 8971
8874 9021
3092 8892
6761 7985
310 4241
1543 2378
7039 7947
7914 9489
520 5815
7553 9122
5424 5888
7776 8644
9248 9941
1585 8854
9905 9949
183 3096
2937 5198
5223 7792
5598 6370
2868 8570
7806 8460
4353 9180
2647 7897
5586 6399
5583 5973
4011 8891
3547 7720
157 4361
3382 5561
7610 8650
5415 5755
9583 9878
2303 2435
837 5044
8465 9247
8658 9820
4499 4720
774 2494
3066 9108
5722 9431
3399 4830
8052 8665
9932 9983
5838 9428
4421 6765
4161 7016
9260 9264
9852 9997
1451 5050
7753 9313
2259 9004
588 4968
3758 5091
4213 4867
9609 9795
5970 9688
8001 9480
6356 8325
8095 9908
8985 9997
7886 8748
8739 8914
8929 9059
3615 3806
7424 8349
2454 2983
981 3896
5999 9541
522 8817
3932 5722
3654 7930
9359 9740
3635 8298
8897 9534
5635 7507
6899 9726
3468 9317
3363 4968
9885 9903
1024 1578
3789 4240
8427 9116
2187 2498
7042 9291
2164 5673
4945 7887
3610 7663
1627 2226
6791 8984
3496 8859
192 4661
1067 7145
486 4215
4615 7880
389 7521
4987 9929
6558 7700
6689 8442
6971 9759
170 4127
2267 3366
1786 7350
2597 6597
6685 7626
3824 7460
5457 7827
5962 9740
2007 2709
455 6909
9134 9541
6445 7135
8587 9385
935 4997
9513 9921
4364 5562
8464 8725
5364 8890
5757 9942
8071 9092
2014 3146
1561 2994
9466 9699
5158 5300
810 5602
9479 9618
8839 9370
9252 9319
680 1032
9859 9955
8030 8515
1016 9172
8701 9728
1044 4448
3012 5261
8448 9177
9517 9660
558 8397
2620 3257
7335 7657
6115 7204
9790 9829
7052 8011
395 1311
5813 6849
8119 8704
7589 8083
6377 8029
9655 9894
7330 8851
1803 6047
8707 9976
7371 7618
404 2085
1953 5655
8004 8894
9397 9445
6669 7153
6301 9229
7321 9449
8504 9016
5849 8529
3729 9470
8068 9813
2908 9752
172 449
479 6492
1859 2670
9014 9403
5667 8404
2017 2754
6023 9989
9135 9824
7686 8889
8814 9117
2195 8620
3705 7409
3438 5053
690 7773
621 5797
2240 2660
6697 8968
3455 7624
3564 7718
1009 6585
1502 4722
8938 9792
5075 5304
2537 2554
2149 3103
9900 9939
2061 7030
2636 5452
9495 9762
8065 8673
1936 3704
9329 9467
8565 8572
9515 9591
745 8728
961 2939
8358 9770
6710 9839
8583 9406
9773 9777
4651 5714
1808 3576
6264 7157
908 1004
6005 6768
3789 5041
1297 8825
1869 2697
9586 9740
8376 8692
3363 4825
564 7783
8997 9178
3025 9329
119 459
7804 9515
9579 9958
7851 7897
4434 7064
4741 8882
2972 5824
1294 4172
6987 9025
6998 7820
606 4183
9805 9895
3207 8697
6282 8829
6247 9842
9456 9465
7769 9854
3563 9652
8943 9795
940 5997
5715 9289
4999 6655
8917 9227
6123 8100
400 5982
5952 8153
7558 7854
5415 8839
6692 6961
4146 9479
3667 4334
9463 9613
9834 9918
8248 9615
7639 9142
1064 8243
5373 8018
609 8908
8648 9095
4255 5102
8094 8269
3112 7286
9440 9638
8494 9690
7289 9843
4218 9345
8675 9607
5544 9564
1739 3425
3036 6286
6686 8064
1424 3820
9657 9835
8939 9912
9923 9969
2481 3227
5716 7774
9835 9926
791 4158
1293 1861
9270 9838
7578 7614
4829 6798
1722 9223
8968 9386
810 7253
8647 9200
8655 8827
2058 2932
2003 7144
1315 6394
565 3853
9922 9958
8044 9672
60 3072
2849 6902
1088 5519
8914 9739
7008 9317
2489 5952
147 2329
9212 9277
6814 7012
1384 3956
1956 2397
3497 8654
696 3821
3406 5227
1959 4194
1300 5232
1027 4934
1160 2865
5676 7063
8226 8477
1307 2478
9514 9769
7259 9530
3276 9009
3693 4523
9699 9814
8040 9080
1512 7871
6701 6923
6886 7417
6288 9077
7511 7870
3734 7378
2425 3673
7221 9910
9173 9494
2318 7073
5111 5798
1916 8579
6521 8329
9661 9670
1812 2499
6561 7285
9724 9764
5167 9180
4628 5209
6898 8870
239 1813
7321 8504
5719 7626
1808 4810
4080 9607
8034 8590
904 9576
9335 9953
2874 3943
4215 8654
8027 9885
1807 3915
445 2195
8806 8999
1866 5387
6388 8493
1664 4132
5143 9446
2794 7331
3906 9848
5295 6202
3563 7311
6875 7178
3745 7493
8380 9477
5225 8512
1947 5093
1937 9872
5441 7321
6321 8880
5053 7005
3094 4013
1882 3285
7642 9572
2218 4352
2066 7384
486 8085
5912 8591
5053 7769
7633 8709
1013 9641
491 1796
3445 8422
5275 6973
268 5698
9117 9776
75 1568
7093 8800
7457 9032
3077 8988
7343 7943
8506 9420
3182 4690
3655 8288
3105 9610
3697 9250
7627 8984
9582 9803
7305 8052
3818 6827
2087 7878
7013 7184
324 2601
656 9852
9251 9684
1486 3791
6610 9281
3749 7190
3073 7360
9340 9868
101 1812
4426 8082
825 1359
6776 9892
617 5024
9557 9725
1967 5892
1357 1427
7041 9062
6316 7555
4778 9663
5180 5740
7592 9849
842 4513
3642 5493
14 1200
3126 5946
8079 8352
1769 9887
6220 8440
3970 8604
4127 6246
8398 8765
5593 7962
4876 7004
9075 9850
4995 8327
330 1064
3257 4883
3257 8124
9634 9829
7479 8459
6753 8880
9995 9999
9319 9832
5621 5663
3525 6819
7280 9734
4983 9444
6952 8645
5104 7793
6534 9390
3015 6547
4579 9144
9205 9705
9152 9793
3671 4560
4949 7931
1803 9018
6430 8862
2198 8397
135 3255
4129 4783
7891 9139
101 2553
9829 9976
9466 9892
9993 9994
7131 7505
2906 8823
5503 7911
1883 7020
8205 8964
834 7647
8822 8989
2663 7272
9737 9853
5896 7832
8438 9983
1035 7352
1555 6351
3427 5109
1818 2552
9791 9965
4722 4963
7983 9742
6435 7443
3453 7223
1683 9907
9169 9824
846 4135
9021 9240
5473 8914
1830 4710
2831 5123
2873 5646
2146 7237
4156 6342
7546 9749
7177 9659
8972 9211
9562 9862
2883 4299
5205 8514
5902 6480
4576 7743
8482 9384
6584 8381
5455 8134
2874 3263
3754 6522
941 9108
3043 6535
121 6154
5154 9576
5019 9966
617 7317
4906 7587
4881 6912
6294 8973
1160 6399
5043 9318
5870 9245
5011 8163
6997 7386
8932 9432
4499 5706
2064 6610
4994 7527
89 2628
313 9887
9322 9969
4234 5935
4096 4461
8280 9686
7626 8279
4606 7776
4935 9777
2915 6843
6439 8208
486 4137
6911 7002
2437 7407
4959 9735
2501 9752
2991 7744
4391 7400
5858 6938
7689 9225
9136 9530
5932 8146
7396 8867
6513 8282
4094 4598
3403 9296
1337 7359
8945 9948
9660 9817
6262 8971
4957 5383
6124 9875
1330 2169
6888 9780
6582 9073
9852 9878
223 8720
4753 7566
1334 3693
1428 4070
9851 9860
6803 9881
1540 3795
1855 7076
4168 7747
7924 9483
7233 8894
9395 9395
6365 9708
2128 9871
228 7074
516 3275
1607 9015
138 6439
1065 5309
5189 8275
4522 5611
5304 6626
4046 4137
9380 9678
1015 1115
8121 9644
2640 5553
6249 8992
5114 9176
8088 9007
1051 6429
970 1092
669 6468
5226 7819
2695 5692
3962 8549
1851 4928
9946 9998
7940 8783
699 3727
4054 8413
8003 9539
5482 7791
9328 9918
8998 9619
7487 8716
7310 8041
7789 8623
4479 6691
1064 7604
6804 7097
890 2378
6055 8023
2083 3157
9848 9849
7869 9006
1773 3327
6906 8887
7445 8643
217 2799
8340 9420
770 6260
1639 9805
3431 4161
9952 9994
8515 9411
2626 8935
6400 7888
3620 8928
2992 3156
873 5838
3062 7064
2033 4693
1153 1413
5500 8270
7907 9596
3660 9046
130 2299
5409 7416
4274 6716
1983 4720
9562 9756
8178 8673
3190 6506
8394 9424
8654 9443
9277 9528
6807 8068
9809 9831
8856 8964
7152 7559
7845 9130
9138 9471
8449 9552
3808 8077
7176 7710
3147 6699
6759 8525
1203 6383
2560 7163
8822 8860
3050 4976
8356 9233
298 2240
316 4166
5119 7480
4251 7832
5143 9845
4240 7124
7981 9800
3907 9566
401 6277
5332 9138
63 4682
3595 9816
7823 9446
6632 7648
1465 5526
2575 6843
8080 8977
5438 9379
9345 9572
5722 6519
2436 8125
5469 8989
5573 8655
4914 9889
6982 7012
6313 8309
7959 9925
1785 2016
190 5741
8335 9355
1949 2664
5305 9479
433 7122
4530 9515
1900 6442
7889 8150
6091 9095
7450 8617
1205 8472
3691 8470
2189 7434
742 7524
8161 9715
4800 9637
7536 7756
9943 9982
3803 6030
1038 5295
594 2608
4084 5753
150 3817
1863 5843
1716 5836
6284 7472
5063 6016
7308 9992
8140 9938
3506 8413
7274 8915
107 3647
1810 7731
1781 4270
7515 8578
4655 7489
1295 5307
6761 9509
2943 9020
9702 9723
6058 8648
6486 7784
1491 5686
3053 6615
5699 9510
4683 7225
655 7005
2263 5143
2162 5541
9477 9879
8823 9123
2081 4651
8550 8725
6110 6983
9501 9937
8276 8401
3240 4707
8155 9924
9717 9930
1535 9494
615 9920
8096 8243
5871 8667
6964 9584
4287 5620
312 9951
8748 8896
2426 3195
5200 7398
9232 9404
6399 8707
6846 9448
4419 6068
8902 9303
4811 8683
424 7711
8597 9219
1273 5718
8273 8902
5895 8076
9043 9425
1887 6817
2975 8258
146 3625
1103 6293
1684 1846
6921 8089
1817 7078
6287 7557
4176 6239
9355 9911
8456 9083
3912 6068
2885 3335
3266 7990
7947 8838
6253 6871
7615 8571
555 8353
398 1312
3263 5428
696 4052
1503 8642
1441 8111
1255 1843
2247 7112
2032 9665
1254 5184
2605 6056
471 8164
1675 7685
7660 8192
288 4769
7278 7451
6103 6214
1564 4482
9784 9937
2654 7047
3843 5296
7023 7546
8260 9029
2732 5849
5392 5694
1785 3071
3226 7021
6629 6750
3254 5295
7232 9946
7437 9394
1519 7738
3027 5951
3371 5764
8808 9540
7588 8084
2356 6731
6802 9796
6948 8784
7290 7891
6035 7480
2788 6896
7217 9506
5889 7701
7510 9164
4412 6526
5175 6782
8345 9013
9081 9903
8582 8618
8312 9344
2007 4160
2701 9027
1721 7958
3058 4407
8283 8368
8019 8159
2948 8587
1363 3639
3763 5391
7010 8456
4466 9249
1680 5804
1880 4143
36 8478
9655 9759
2107 3763
6753 9346
1644 1874
3827 4180
4206 8442
622 7836
4495 6635
5449 6726
9387 9780
327 3687
2059 5167
9304 9501
872 5942
1904 2073
8928 9863
869 2553
6781 7380
5782 6299
9248 9928
7533 9479
9636 9671
6034 7550
6459 7877
6968 7694
461 8777
6115 6783
2814 6004
452 7806
991 8656
1561 3001
7407 8209
1020 4987
2800 5977
2869 4602
7834 8114
6225 7766
4629 9513
3922 5027
1937 2774
6354 9715
6871 9131
2833 8519
1788 7851
9819 9880
4052 8113
7161 9004
8929 9074
3997 5534
7163 7201
9344 9488
9945 9986
6255 7959
5447 9127
3599 5870
5495 6726
7683 9491
9564 9726
1836 9199
9088 9359
9190 9517
2379 8054
8699 9993
1236 6849
423 9863
4692 9105
529 2737
1506 9634
5370 8245
9943 9963
4784 6538
9659 9850
2501 3545
8640 9566
2976 7504
8079 8940
805 8515
9557 9942
3952 9932
859 7308
2440 2867
817 5941
4056 9901
8660 9238
628 8564
4064 5854
8400 9189
425 1540
5546 7982
3076 9845
8202 8962
564 8425
4210 6406
5369 8348
9457 9778
4935 7573
3345 7189
4264 6458
852 7121
5660 7150
4257 4808
9119 9355
7370 7700
5610 6328
9672 9892
1118 9863
1641 8763
8782 9134
3437 9779
9254 9330
7011 9948
9004 9902
1148 9631
2802 5128
7730 9964
7899 9076
3078 8841
9194 9302
7227 9416
7538 8981
8274 9097
4701 7435
6540 8199
2765 8713
6380 6968
104 9646
8669 9237
8548 8564
6268 7117
549 8624
9940 9973
2527 4486
9220 9893
1889 9916
8134 9427
945 6576
7482 9761
8859 9524
1426 7448
2089 7463
5507 7408
3171 8746
1120 5302
6470 8799
8015 8767
6753 9277
273 9148
6846 9930
5682 9324
260 8258
6551 8574
8965 9042
6025 7155
2994 5847
7368 9283
5509 5975
3021 8134
9986 9987
3960 8450
3776 9609
4262 5212
3733 6490
7733 8041
2867 7311
1187 2320
566 7012
6996 9856
2466 7803
9672 9830
1368 8998
8947 9834
8986 9028
8366 9472
7543 8329
8019 9400
1019 8308
6250 7428
3228 9073
4172 7187
5722 8623
4801 5221
3064 6370
3078 8596
2112 6956
5886 8876
7095 8267
7152 9360
9943 9958
8540 9951
8451 9253
3160 6820
607 1248
5834 6562
6028 9871
2755 3756
3619 7104
9586 9593
9309 9950
5267 7589
2737 6585
2506 9993
685 4540
664 9308
8697 9540
3633 3979
2403 2599
8860 9578
1271 3326
1057 5143
4731 6505
3448 6830
2738 3172
7662 9619
7754 9794
5457 8809
7936 8680
5443 8943
6702 7960
1349 2112
9701 9798
3959 8871
2658 6889
965 8255
3273 4569
2627 4133
7512 9929
3848 9123
9185 9209
7233 8165
5564 6636
3288 9637
5668 8077
4324 5706
1025 7158
9116 9421
9968 9988
7798 8331
5337 5597
1001 4634
769 1383
7237 8955
2855 7962
5468 6954
6234 9798
7813 8350
8161 8912
7710 8453
8381 9236
1002 9940
495 8128
9688 9698
7457 7959
3974 5317
6743 8125
7393 7442
8522 8600
7634 9239
7119 9780
3929 9780
6365 8128
5399 7714
3359 6419
7182 7714
5618 8006
2776 3201
4831 8547
6141 7686
1815 8094
5040 8284
3470 7610
8608 9442
7748 9658
1428 6483
5540 8566
4298 6003
7660 9494
2513 3564
539 5560
1512 8947
4637 5205
619 3397
7882 8104
9879 9945
23 4453
8766 9411
1859 4736
7248 9717
9653 9911
4829 5966
1008 2524
5413 6588
7473 9429
7459 9553
7606 9903
7413 8305
5890 9813
6949 9645
6941 9863
1341 3514
4271 6070
6596 8081
8235 8566
7153 9822
8975 9938
1259 8975
6749 9135
46 3545
4190 9183
1565 9651
1217 4525
3399 6583
168 5166
8625 9067
4693 9003
601 3010
1907 9155
2806 2816
9586 9819
6180 7793
1934 8376
7748 8303
4513 9208
9705 9839
2719 4945
1630 1948
3180 9225
2015 7231
2007 7177
7368 9699
2305 3781
5358 8203
5984 8861
9078 9711
2284 6365
8293 9086
3018 9628
6494 8090
320 3950
5158 5783
7417 9420
7926 8457
1682 5051
7808 9528
2989 4269
4776 6339
3 1780
6773 9106
4821 7397
2872 7861
4992 6338
143 2417
4373 4797
1850 8399
3730 8662
8204 9434
6820 8288
5982 8026
2387 4774
6218 7479
9793 9938
9341 9377
8386 8979
1226 8384
5899 7335
3170 9951
4618 7747
9618 9962
9710 9827
2812 7497
1923 4658
4542 8190
464 4321
9166 9939
9450 9697
3973 9184
8884 9859
1034 2751
1427 4746
24 8417
4557 6611
8044 9920
9336 9804
4533 9935
5618 6854
8772 9799
5917 9334
9177 9597
8747 9804
357 4052
2995 6500
6056 8491
7136 8177
3732 9410
9290 9416
2338 8033
1061 4805
6203 8441
9171 9951
1101 6015
2737 5342
8162 8475
6387 6576
6248 9878
2801 3659
2637 5373
7873 9095
4457 6658
4465 8818
4180 8820
9931 9938
5720 9712
3630 5935
8531 9802
1595 5867
2970 5267
2051 2305
8737 9769
4301 8882
4499 4894
7582 8858
8810 9366
3453 5930
2958 5967
1874 5207
9215 9470
4691 8633
8887 9576
7735 9362
5210 7891
571 6104
9756 9974
2652 6160
4843 7225
7042 8132
4469 5605
3136 7407
6669 7817
8160 9984
6047 8572
2634 5119
4387 9899
9118 9539
9712 9845
3704 5059
5818 7548
8480 9515
5078 7146
8685 9492
7688 9275
2953 8083
4327 4521
5876 7851
781 1849
1635 2662
8268 9379
1912 6723
833 9359
1240 9175
9115 9648
6488 9955
754 5442
4690 8290
8018 8992
8249 9365
9197 9227
7344 8457
7758 8177
4132 4246
8474 9293
2106 8096
7777 8323
534 4185
7722 7727
1201 8605
638 7806
6335 9762
1826 2534
7701 9665
5760 9729
2134 5734
8860 9513
221 6716
1383 4686
9818 9868
760 4693
7622 8769
4680 9682
4359 6811
7596 8106
9637 9930
2674 7987
8816 9954
8750 9062
567 9591
8377 9266
8991 9902
839 8746
3205 7524
6612 9304
2672 9367
2043 6309
3729 6646
6192 8196
2435 5254
6036 7899
3053 5116
5137 8732
6208 8012
3747 5947
6156 7294
2142 5155
1016 8206
8522 9805
5814 7112
8501 9936
3882 6669
3074 4996
6960 7491
6499 9064
2519 3723
6877 8894
9019 9257
8938 9861
3507 6954
7052 8384
3064 6169
3200 3868
1075 7764
7469 9069
5947 8396
6158 8702
9069 9361
3360 9199
2505 5696
3843 6386
3226 9122
1899 9073
6161 7318
859 5490
5700 9542
8845 9923
6576 9918
5595 6627
8245 9823
8843 9351
9680 9829
6222 9073
5553 5927
5710 8931
4473 8018
1976 8488
6119 9517
3914 5226
1587 4599
8036 9117
2879 9977
6931 8113
17 2371
1526 8566
4451 7368
3223 9975
5869 7802
9727 9808
4535 5642
3892 6857
1094 6075
6516 8458
1571 1902
1961 5004
478 6633
1616 9059
1517 7164
2410 3531
3194 6529
249 6460
2481 3368
1879 2184
8834 9815
683 8233
3472 7868
1552 8357
3765 9803
2205 3247
9095 9573
1606 7372
4180 9292
5202 9755
8207 9452
6925 7529
2272 7187
1321 2831
5385 7432
8297 9447
4007 4651
730 6537
1101 6984
9062 9245
2064 3383
325 2878
2340 7692
1360 8411
8554 9041
1861 5563
5509 8192
8277 9836
474 5990
9511 9686
2538 6278
1719 8383
8279 9654
7590 9737
6546 6845
2915 9972
5822 5890
4253 9562
1303 6264
5326 6430
5455 5504
127 3487
6238 9661
5862 9603
8970 9123
2886 8434
4457 5062
2187 4239
1822 6058
5795 6417
1530 9495
9802 9823
3246 6281
1130 9190
9548 9571
6710 7045
8918 9717
8749 8979
3134 8024
501 8272
3411 4105
9750 9757
325 1722
9236 9342
5378 8059
632 2347
8922 9777
6883 8135
7893 9837
26 2343
2553 7224
4628 7139
1551 9069
6821 9732
257 8521
1432 6586
9621 9979
6638 8459
4704 7047
1026 7035
8375 9294
1070 7383
4136 4682
587 5489
6864 9997
6454 9831
4384 4863
2260 6478
700 8769
6342 8004
730 8571
7997 9180
420 2493
3122 9590
5651 9405
5490 6216
8857 9914
1754 4643
1413 2015
9582 9784
281 5895
3531 5235
6998 8660
7255 7898
7201 8006
3160 9970
5870 9668
6414 6995
9961 9977
8518 9661
848 3731
8715 9653
9072 9199
2557 7792
5139 7918
2247 5351
4784 6444
3507 4483
7239 8291
8407 9666
8399 8616
7805 8373
8610 8906
2375 3390
6696 9584
3954 7634
4002 6928
1433 3154
8653 9732
1383 8645
7982 8922
5836 8669
5362 5970
4808 9602
5062 7510
2116 8899
9467 9470
6315 7820
6508 9179
6730 8162
5604 8369
6866 8517
9079 9764
2195 8171
6816 8779
184 3077
4499 9967
5412 7702
757 3235
1633 4986
1511 2668
4612 9017
6245 9290
1885 3547
891 2740
9932 9970
3810 6772
67 5994
7957 9523
8360 8677
8126 9762
8676 9068
8127 9857
5763 9026
4336 7580
1486 2651
1835 2201
3299 8546
3386 7320
7583 7630
3797 9278
3248 6015
7830 8918
5108 8910
9099 9206
6714 9272
7 244
1927 3755
1002 6987
5500 8992
826 2764
9922 9997
5288 6515
2831 9963
1808 5679
4637 8799
9353 9998
2776 5812
6620 9490
5678 8039
4237 7355
3785 7197
7641 7666
468 1500
7477 9251
2688 8674
9246 9550
2338 8303
4773 4834
9180 9469
2115 9368
9642 9944
3805 4724
6014 8292
6181 6200
9363 9827
1639 1980
774 2403
3047 9332
9872 9957
9615 9954
7515 7843
3606 4273
6089 6178
6835 7094
1290 5422
7959 8469
6955 7314
5163 5767
8207 9757
7413 8909
8885 9172
6080 8187
1510 9687
5490 6694
38 4410
4920 7157
5528 9449
7822 8424
5942 8675
549 3279
6630 7838
6110 7210
7513 7946
3927 6607
9210 9340
9068 9290
4196 6838
4285 4335
4006 9670
3129 3888
6278 9930
3444 6352
7722 8103
2434 4955
1988 5958
203 7507
4801 8847
5011 5830
4654 8404
3485 7674
1652 5677
4073 4653
3939 6701
405 6517
6159 6256
190 8436
8870 9261
3622 5932
3035 6598
3883 7828
2715 7204
9811 9975
3532 6078
3685 5089
9690 9747
4118 8448
8339 8370
4813 9042
7033 8128
219 8236
32 2602
6994 9137
4784 8626
4120 5320
2691 8126
8546 8757
3917 7747
5445 9533
107 1654
174 3513
8397 9558
6103 9286
3094 5657
8742 9164
607 9116
6039 8478
8462 9853
2597 2832
4668 6533
4759 7354
8009 8416
4370 6258
1892 5324
1778 3382
3762 9793
7543 9245
9660 9724
1338 9387
3683 4593
1423 4840
6413 6855
6124 6955
9896 9902
5985 7095
6685 8969
2277 4773
2856 8372
8324 9833
6524 8164
2196 4367
9697 9839
8089 8573
2334 7437
9686 9904
7560 7600
7831 9202
6799 9187
9322 9604
94 1931
4460 6540
3099 6754
2231 8424
6559 8633
8722 9219
4825 5083
2442 9162
6308 9517
485 9810
9545 9601
3202 5518
9845 9885
1699 2159
1057 2192
8524 9530
782 9895
9926 9967
3152 4575
4280 4666
8869 9178
5100 8377
579 9111
2391 6808
8048 9770
19 2598
5297 6881
1984 5881
6044 8290
3149 8016
7767 9296
3727 4379
4514 7113
2261 4728
7441 9451
7564 8541
8457 9954
3466 3701
8250 8885
5247 7155
1259 2117
5478 7571
3863 8754
9582 9927
1838 5306
7867 8054
3591 4812
9763 9873
4841 9225
4268 6764
5090 8348
4530 5863
9205 9375
6705 8234
2709 3635
2406 6207
1635 8866
9918 9969
349 8941
7488 8819
203 1590
3913 7391
7838 9247
2297 7534
6450 9964
8167 9661
4597 8899
9715 9791
1283 7798
7535 7538
8209 8363
4362 8866
1967 9260
2804 6661
7587 8198
1147 7991
6585 8082
6894 8272
4040 4779
3506 7713
1123 8351
3234 6568
6668 7667
7308 8591
3310 8103
5915 8513
3218 9928
599 1627
8205 9059
5448 5602
3693 8405
8253 8383
4966 5539
54 5216
95 2426
9024 9905
1904 7266
4258 8657
5486 8951
1915 4944
4213 5136
9118 9776
6114 6858
1122 8020
5623 6097
9725 9855
636 9325
7336 8126
8239 9450
4343 5761
7326 8263
299 8999
6888 7299
1957 3638
194 9718
4957 8824
1610 6808
8523 9380
4637 6557
3588 4349
3747 6750
8245 8949
6638 6921
1565 3116
1465 1701
6509 9237
785 3117
1649 8462
3409 7008
3626 4899
8761 9476
3728 9586
9241 9461
5731 8727
3617 9926
8701 9763
3738 4028
1500 5078
3408 7040
3466 9677
5105 8725
9716 9850
5108 6172
6231 7668
683 8478
1300 7079
3574 6077
188 4556
1604 5167
2912 9498
9593 9633
8379 8972
7950 8007
1432 4399
652 6469
4014 6323
3732 6577
715 2923
8782 9104
9680 9808
9289 9809
4523 8632
8858 9432
3849 8494
7927 9461
7919 9196
194 9801
7379 7624
434 7718
3086 5090
2832 3116
5196 5426
4691 5222
9079 9961
203 597
9658 9910
9949 9968
9100 9511
3189 9807
1070 9914
3963 5868
5167 6288
5051 9153
6356 6601
8420 9133
7206 9244
5357 9011
1545 9398
3842 8284
3826 5497
7860 9189
1933 7768
6457 7556
8031 8590
1543 4568
5277 8848
4722 6318
5427 5780
519 5900
700 7942
4077 4568
6469 8720
5889 7281
478 1034
4141 6845
6870 8510
7049 7511
630 2837
9526 9973
1377 8125
173 2453
8746 9877
2034 9893
7611 7813
855 7937
831 4858
1504 4214
2162 2639
4928 6315
3609 6910
6538 7845
4843 5685
8962 9665
4271 7113
8081 8669
959 4014
7586 9912
5153 8945
6609 7393
3975 5156
1975 8337
3787 8535
297 9542
8977 9113
234 4366
7971 8859
7082 8675
9470 9515
9918 9968
3525 9989
153 2066
4960 5261
2251 5289
5695 6716
8605 9763
3697 6454
6331 9991
2214 2368
6822 7204
1268 3683
2561 6191
4769 8252
9551 9694
6712 9281
8656 9403
2730 8526
5487 8076
3681 9102
7351 9518
826 9136
7615 8223
9389 9704
4046 9428
7550 9914
8095 9248
987 1725
5754 6851
7176 9429
7224 9058
8541 8593
3696 8208
5517 9048
7349 9664
5514 5517
7618 7685
3660 6753
7335 9977
8909 9058
2912 5762
5949 9022
3791 8890
4123 8592
8241 9468
4185 5377
9608 9998
3357 7612
7398 7963
3532 4969
212 5707
7086 8231
4742 6169
1347 2922
4909 5188
2384 2926
2445 2827
9588 9739
2289 6992
1637 6074
2570 4722
4739 7427
5738 8307
4019 7110
8843 9505
8022 9000
2680 6770
3373 4464
324 5265
2084 3252
5405 6951
1852 5789
2729 3754
2708 3264
9950 9977
7327 9266
5990 8868
9208 9921
4408 7357
1026 1636
8875 9437
5543 7387
6822 9655
6387 8126
9434 9622
8692 9381
8433 9170
3712 5798
3882 9500
3247 8126
1910 6915
4362 9405
429 783
4164 5960
2584 7449
834 1774
9006 9934
831 3016
6435 9994
5415 8779
5026 5150
4817 6387
4013 5586
1282 1809
8246 9200
6700 6979
7003 9203
186 597
7348 9601
6237 7223
2578 3847
5858 6805
2749 6061
282 921
1091 1317
2266 9797
3216 9237
3476 9106
1676 3277
5251 5453
4457 6993
4464 4973
8807 9980
6215 6743
7910 9547
8287 9318
2296 8980
6844 8971
9752 9959
1939 7807
6967 9039
6003 6494
1771 8992
2535 4240
7340 9003
755 5804
4167 8255
6608 9302
4317 6724
7132 8734
6406 6821
8536 9911
6780 7644
9633 9962
1967 9826
6251 7226
7118 7289
83 8295
6385 7929
6848 7350
3508 7412
3876 6030
2221 4700
7051 9094
7304 7541
702 1935
2605 7582
2165 6792
3004 3683
86 1724
7935 8313
4668 8903
6662 7423
3460 3974
3647 7844
7484 7846
3796 4105
4309 7127
8317 9374
5763 7620
5510 8909
8381 9643
3238 4040
5585 7241
3157 9951
5364 6389
4341 5627
9777 9842
5413 6990
1000 7749
6674 8320
6989 9881
2237 2968
4517 5796
1564 3985
2784 3068
7172 8613
5625 6600
3805 9210
8929 9068
3142 4767
4883 9276
8726 9594
3619 9787
5211 8978
6881 7298
4052 6023
6280 8008
661 8429
8305 9462
4278 5582
2155 2337
1583 6192
4701 6040
1463 5860
9187 9749
5150 7232
6301 9502
4779 7811
3465 7911
5062 6752
4490 8839
3071 7731
3907 4081
9414 9738
6149 6243
9381 9723
1687 9372
6791 7270
8785 9970
8279 8302
4394 5981
5873 9572
6105 9336
622 8723
7075 9494
3879 8942
3576 9338
2063 4541
9553 9956
9281 9580
7852 8218
6741 9204
2380 5920
6999 8023
2386 7513
3978 6003
6716 7231
4599 7317
5524 8622
8972 9631
2672 4573
3811 7382
6916 7260
5663 7237
9563 9891
2920 4586
2673 4067
7227 9036
7215 7928
5353 9770
6059 7021
5515 6978
7046 8079
9361 9817
6030 8206
837 8018
7769 9939
9864 9976
8116 8297
2421 9742
7777 9501
7884 8701
238 9936
6607 6870
1687 3223
6259 9208
2156 5075
2862 7006
416 5960
5416 9764
3587 8160
2076 2129
9835 9891
7069 9988
4903 7128
4023 4988
3261 4024
1391 2354
4437 4670
8667 8977
5303 9299
4656 5449
7310 8302
9842 9970
2384 4986
8553 9685
6728 7001
1031 2187
3146 9450
1191 6570
8017 9324
6411 8803
6098 7613
3022 5502
1702 8255
7535 8008
6395 9793
9571 9628
1132 4392
2577 5400
6708 9940
5960 9873
992 6804
4450 6514
5397 6684
6565 7935
6985 7388
3477 7920
32 6845
1776 2750
1502 6439
4111 9276
3846 4205
4668 8939
1656 4791
5841 5986
7908 8286
1584 7528
9818 9901
3422 8016
3207 9981
7143 8145
4498 5914
2453 7225
3421 5551
9704 9816
2572 4692
157 4458
9321 9357
2072 6146
8112 8379
6651 9932
9066 9264
6475 7795
2345 6813
1396 6775
7826 9393
1973 7426
5614 8447
3343 6175
1940 2983
2591 7842
3671 3791
832 9115
9479 9888
3834 6976
9548 9845
333 6057
5791 7292
2695 8164
2437 8320
8394 9184
672 6342
5620 8353
5617 7369
3976 6978
2741 9701
9674 9928
2996 6147
4523 5850
1670 4744
9946 9969
202 3816
8031 8797
6056 7033
7069 7243
1281 7434
3979 7427
280 4794
6947 9618
5707 6439
4700 5730
3081 9120
3319 9144
2697 7969
993 3721
1351 9509
558 9758
971 4974
1091 4426
3111 3574
8170 9439
3207 9547
6459 9682
1597 2112
9699 9893
2782 3492
7699 8630
7495 8518
3749 7013
6332 7576
4559 7622
8054 8723
2882 6741
4378 8990
9669 9935
8991 9370
1441 3497
182 2564
7623 7922
9525 9551
216 8156
1997 8002
6966 9208
1535 7130
230 6466
6810 9630
454 2627
6238 6557
3980 4799
9013 9765
5662 6405
1601 3344
3965 8031
9943 9999
1077 1942
209 8615
9139 9870
7138 9302
7635 8302
7309 9765
7190 9405
2826 7707
9857 9931
1263 3934
8748 8788
6559 7185
4622 7116
7033 9484
2532 3580
9020 9159
3106 5847
6922 9362
6341 6646
7447 8104
9889 9979
3156 6090
5393 8534
8737 8951
3710 5947
6852 8296
6722 8786
4543 9491
1677 2574
1882 6872
3914 7449
1952 7952
7189 8113
6726 8284
2021 6208
266 2753
5367 9495
5182 5307
1946 2162
5579 7341
338 9110
6501 9106
9134 9832
8132 8338
908 4875
3269 9470
763 7581
8163 9683
4441 8699
3763 6980
7472 9285
6718 6841
8434 9883
9104 9154
3664 8734
6963 8319
5582 6426
5191 7496
5129 7637
7384 7861
5331 7325
3037 5903
6930 9100
7678 8307
7125 7781
6215 8137
9200 9623
129 7695
845 1714
7825 9599
7118 9365
9969 9997
6549 7564
5940 8678
3049 4523
6439 8450
3619 5417
9434 9948
1472 1806
3597 9306
174 9966
53 2897
205 6674
2533 5690
8387 8982
1467 6342
3060 3101
9337 9598
3411 3944
8176 9975
473 8281
5498 6589
8585 9273
3020 7898
3923 6210
1521 7838
811 5579
5240 5272
2764 5797
3985 4906
4963 5950
5667 9740
1850 4462
3948 5001
2681 4535
1031 1994
1348 8773
5521 6295
7759 9708
8387 9441
3534 8437
2252 5863
9391 9465
8519 9104
1622 6248
3367 5357
4772 8922
6854 8922
5077 6385
7302 9559
3164 4401
6067 9647
5527 9675
4074 9195
4297 8572
1938 4080
6713 7503
6073 8021
8083 8266
7747 8856
1645 7404
7982 8944
1177 6443
9420 9820
2975 7189
1678 2451
7475 9350
9298 9865
2465 2522
7704 9361
5506 5692
26 4989
2719 7974
8901 8952
901 8759
9045 9280
9734 9858
5499 6573
3749 8284
3713 8728
9041 9938
7957 8902
1098 5628
7471 8685
1147 9734
2453 6650
5059 5496
4813 6735
3400 6087
5005 7645
5917 8425
4385 7141
4759 5920
5363 9057
8506 9085
5740 8356
5749 6175
3318 9178
1046 9967
8929 9783
9345 9754
9957 9979
6165 7701
7996 8992
5528 9135
6114 6427
1269 2736
1456 9387
385 9333
5429 9472
3877 5286
6095 9663
1302 8318
9452 9678
5198 6999
624 3127
84 2165
7587 9351
9798 9902
6463 9357
8744 9889
9847 9932
1294 6992
1053 1391
1686 5901
7909 8639
1157 8737
2477 8924
6490 9918
9807 9939
349 9971
8175 8528
7585 8746
4317 9910
9015 9783
2765 2767
4724 5125
2174 8636
2968 6009
467 3705
9502 9638
3941 9014
9559 9637
2362 9124
9139 9142
9622 9692
9478 9708
6255 8689
9066 9413
8643 8836
4150 4902
3040 5732
9020 9979
1065 8548
8128 9207
2414 5142
5370 9967
1208 9177
3503 6208
8506 9486
7198 8510
5571 8543
3711 3946
1797 5176
5926 6111
6758 8596
8575 9993
4013 5427
6615 9798
6627 6767
880 5623
6387 9249
8914 9892
419 8622
2747 4819
7297 8906
1345 6682
3360 5564
9497 9781
4059 8521
8595 9141
733 1339
3972 8333
4169 7450
6273 6710
7938 8008
9003 9441
1829 9750
7870 8755
8968 9496
4048 5723
3608 4924
1966 5516
4693 7303
7106 7563
4931 8594
5907 6993
2367 9669
7144 8862
76 8472
1481 2213
3668 8835
2356 9101
6182 6993
5058 7057
778 8642
3795 4451
8580 8987
4249 6861
2202 6840
9945 9972
8106 8885
4992 7697
1886 6731
9501 9672
1952 9097
864 1972
7715 9187
5613 9987
3007 5541
3299 8523
7420 8431
1920 2388
7746 8105
6136 8018
8455 9697
1171 3735
1236 1532
8695 9916
6699 7034
4179 6234
4236 6760
4590 5717
8812 9622
2603 4522
623 9787
7556 8891
3764 4336
7826 9751
9138 9487
6676 9436
4864 9686
8709 9529
4370 6486
4462 7421
7021 9799
6686 8001
5015 7826
4122 5556
248 6082
8695 9113
4951 5212
5549 9938
8257 9297
8501 9418
3513 9417
5840 9155
8281 9607
1727 9300
3538 7047
9392 9909
4048 4174
1354 8598
435 9504
5229 5293
8072 9557
6828 8578
5606 8169
2099 4249
6172 7122
3925 7679
6064 7598
1534 2281
8529 8910
4213 6659
2476 2640
7126 9839
4968 8766
7737 9587
7862 8744
3361 4974
6621 7546
5367 7427
938 4370
7777 8112
5353 8485
5734 8976
6609 8854
9129 9902
2310 3197
8047 8141
6401 8217
8778 9059
6192 9770
6483 9368
6592 8207
457 7700
9540 9832
1825 8384
6052 7873
879 2147
5145 5722
8354 9861
4524 5733
7030 8735
4587 5195
517 7735
3611 3617
7040 7750
1059 1128
9982 9986
9588 9633
6507 6810
4681 4684
5236 6151
7150 8985
2668 6631
7375 9119
8932 9942
1920 3899
4241 6942
1177 6934
1619 7931
879 9662
6148 6609
6992 9754
9834 9875
7493 7994
7332 9230
9027 9104
1355 1485
4920 6373
7502 7615
3207 5784
9841 9855
4589 6093
8293 8832
1109 9482
5323 9635
4891 8549
9289 9613
5028 9955
3498 9727
913 8351
2085 8460
1910 4074
158 1330
1476 7405
6571 6786
1310 8258
233 2971
7200 8930
7063 7352
8879 9767
1892 6797
5923 6407
9729 9975
6402 6700
2801 8264
3086 6393
8893 9897
6222 7935
2427 5350
1057 7173
7903 8897
6790 8324
1828 9854
8213 9386
442 8850
8968 9017
5293 9039
5198 9684
4454 4510
2082 9504
729 9293
8103 8952
8487 8520
7973 8210
9139 9632
8968 9314
3060 9506
1740 6204
5014 9134
1550 7521
9570 9623
9097 9144
7977 9704
487 5177
6232 6812
5738 7292
2526 7092
6124 9808
1517 8142
9711 9848
2198 3872
775 2077
6495 7051
4152 6629
1607 3275
9027 9385
182 6607
93 9118
9120 9434
5336 5716
1449 8166
7406 9756
6353 8654
7955 9411
166 4475
3812 8099
3654 6615
1583 8359
7333 8925
9726 9774
7673 8773
1316 6217
7009 9515
6128 7334
2118 3664
463 4353
6597 8023
2042 7763
221 6739
8231 9235
2826 8822
4479 4836
7149 9377
3059 6305
4419 6917
447 1305
1927 4053
7045 7498
3266 9240
8152 8966
8807 8848
910 4813
2629 4428
6885 7523
6544 9439
529 4828
3183 3287
2955 8031
1499 3790
742 4041
33 4495
7241 9425
3925 8227
4735 7713
5734 8495
1994 8732
2942 3590
2357 9172
2887 5197
9831 9916
1981 4435
3784 9295
10 8743
850 3647
3720 9575
2287 7390
6002 8168
6325 7286
5726 9089
6258 8030
6271 9868
6694 7217
1654 4050
1390 6864
6353 6543
8136 9712
1950 6516
6245 6247
6618 8430
2460 3198
7452 9339
4022 9449
7673 8969
8065 9845
5997 6379
1981 4515
3537 6016
4921 5787
5197 6649
7198 9851
6070 6834
156 5995
777 6708
6009 9072
5637 7305
8114 9350
4610 8449
5179 8057
660 3705
645 1972
1973 9705
5820 8888
9856 9982
2664 6264
8213 9837
903 2846
6003 7783
5138 7385
5687 7124
4806 9016
3235 5176
3345 9365
9666 9787
2015 4847
6060 6299
942 7754
7358 9631
6801 8404
4814 8125
4071 9736
9862 9960
8309 9489
61 1630
4510 9148
1723 6352
4342 9313
7955 9090
7367 9343
3383 4020
3071 9617
6880 7758
187 5916
9775 9968
2315 7499
5885 8584
7765 8571
1169 7572
430 1038
8286 8465
3376 8424
6343 6839
4764 5436
5852 8434
344 2297
2833 9742
924 9655
9292 9552
4434 6814
1984 6803
5533 8584
1834 9022
4331 8608
8161 8565
6499 8127
7703 9967
1854 6162
8218 9638
5999 7820
3006 6547
3941 9339
3005 7015
3124 8805
6282 6683
4963 7016
9935 9969
5097 7193
9128 9912
4420 9936
2055 6108
6023 7219
1676 4820
9425 9488
87 7183
5370 6995
5658 7414
1954 7764
1286 8390
4075 4318
2896 3835
3347 8616
4535 4593
5995 6690
2141 5252
2161 3674
4737 6417
9736 9738
5123 8487
453 2927
1441 8069
3478 4345
529 4519
6375 8087
6098 8564
1714 9085
3584 8386
9111 9426
1353 4798
4190 9038
1614 8453
7089 7509
7067 7446
8676 9083
1452 2459
31 8901
1883 2362
1750 5935
1800 2228
3397 8816
4354 8691
556 6894
8643 9604
8792 8964
8581 8999
6673 6783
9465 9901
2896 6066
9480 9761
3220 4469
5368 9643
7671 8773
6484 8360
3983 7954
9509 9521
4906 6979
9570 9803
5532 6397
1860 3785
9930 9951
6709 9453
9733 9796
589 3632
9164 9341
3062 4535
8274 9797
4133 6685
338 2887
5167 9741
5433 5555
9882 9885
8926 8948
1703 5238
7734 8037
8324 8961
8666 8774
3740 9771
2882 8520
4659 6017
9477 9992
9550 9781
2665 6852
7668 9451
3728 9822
5925 7714
1390 3245
3566 6123
1307 8417
3771 7101
3749 8298
492 6688
5076 6374
3961 4809
7961 8190
6629 8748
6128 7537
275 6330
8102 8944
1159 2761
8841 9316
7059 9367
1921 8866
1349 2977
1881 7520
1567 6258
4888 7176
7868 8410
3813 5970
4594 5223
9366 9763
7170 7418
2654 3726
7362 7767
8854 9743
6083 6196
2771 9078
8870 9136
6550 7115
5956 8755
1775 7220
4570 5254
6932 9693
7155 8231
9822 9833
6284 8483
1068 7000
33 2062
6640 9117
3145 8232
6733 7177
1356 3891
1821 9809
2296 5582
7823 8800
75 5693
7806 9826
2791 9769
9970 9997
3552 9636
7186 8378
6036 9539
4395 8898
6573 7311
9052 9682
2141 4160
4623 7676
554 4686
5747 9656
2427 3997
2274 8758
6885 6902
4263 6327
5114 5971
250 8365
7631 8096
4256 6515
5307 9872
5759 6098
2431 4316
9258 9974
8775 9555
7939 9661
1926 9394
4361 4694
7789 8910
4284 8331
7157 8267
9363 9831
9661 9939
6159 7151
3105 9504
605 6662
8414 8731
135 3626
8139 8572
5130 8370
4195 6598
7207 9084
1536 9266
3625 6021
1888 9830
3915 9637
4812 8849
762 1739
3151 4557
5083 6680
4060 7780
1238 6618
933 6908
304 7060
7445 7999
4373 9374
8251 8287
1548 4566
8826 8907
2399 4748
1707 8547
6649 9615
6306 8184
5224 8508
5513 9911
4107 8424
865 9822
1295 9428
3164 5099
9372 9647
903 2540
4442 5613
5337 5882
1101 3770
4575 7599
5953 7989
349 2525
8579 8619
6715 7337
1635 6019
8192 9745
5455 7714
3691 9487
7373 9067
600 5158
1014 9810
9464 9711
5445 9463
5743 7668
7630 9971
618 5116
6064 9268
1742 8087
9027 9130
8343 9005
6723 9755
6618 7529
2369 7488
7788 8614
3801 5343
4896 5647
5519 8030
9704 9924
9031 9498
8101 9681
9180 9830
6959 9875
3961 4917
6093 9366
1467 8618
9712 9770
3851 9610
2396 5072
8396 8491
8561 8625
8482 9230
3878 6680
6539 7592
4704 6421
4947 9772
3418 4212
4806 9860
1406 4052
2881 3335
2763 7327
6354 6360
766 4568
7490 8038
4840 5718
3926 5186
8820 9585
4476 8848
6517 9001
1083 7240
1082 2227
9767 9918
6589 8413
2128 7514
6130 6195
1437 6220
5116 6010
3296 9323
6333 9666
2163 4064
4793 7155
925 9976
6712 9180
5021 8478
6661 7239
5642 6608
1120 4843
6341 9094
4634 8499
5498 6837
8091 9921
5409 8968
4725 5339
409 8435
1557 6330
6683 9795
4909 9845
7971 9936
4993 7574
2269 9933
3026 3930
6176 6353
1772 7680
3197 9966
6187 7504
7241 8216
5002 9897
5415 8442
7998 9680
7486 8857
4580 7291
5534 6688
1638 7438
914 3930
6326 8066
2965 5135
8850 9953
7376 9111
599 6123
6709 9083
8875 9734
9533 9705
391 6701
1840 6590
2949 5136
5690 9899
1665 3091
7680 9614
4463 6640
7459 8283
1944 2357
4389 9321
7288 8499
2180 5864
9403 9418
1164 4124
4331 6905
9867 9904
6220 6321
9366 9865
9595 9678
5359 9762
968 6371
4458 4768
4418 5963
4193 4279
4896 5137
2630 3802
9538 9950
5716 7701
9269 9925
6081 7800
2843 8802
7599 9168
4167 5980
9014 9753
13 4802
4550 5518
8146 9886
4715 9051
8416 9698
3463 9766
8187 8188
3781 9468
9553 9633
2922 5081
5592 7586
3448 7993
1256 9951
6900 7688
9629 9805
8088 9339
2123 3106
9409 9977
3468 5786
5976 7963
9174 9797
2739 3848
7505 8188
2154 4325
3552 8018
2406 4995
2320 6067
7054 8796
4633 8322
8484 9630
5859 7412
6138 8279
6356 9188
928 5696
1401 5305
3860 5296
7004 9052
6796 8712
4593 6469
2534 8725
8912 9608
6777 7180
6156 6605
6132 8662
8653 8741
7351 7395
252 1457
635 7645
6144 6551
9506 9761
8418 9275
194 9197
2030 9257
8272 9933
9829 9844
3421 7934
5119 5873
1423 8380
1190 6020
7488 8944
1913 6806
1912 3220
3034 6713
886 4178
7709 8289
6137 7161
4611 9027
863 6242
3650 5580
759 9707
3498 3789
9290 9575
1863 4761
9103 9959
2461 5100
2500 5032
3175 5428
5897 7543
8529 9983
1610 2493
2455 5392
2146 4883
2578 6359
1910 9739
984 7237
6023 6909
7203 8941
2514 4987
3250 9318
3536 9933
5733 6237
1649 8300
247 1488
7489 9883
9059 9632
5190 9417
8783 9830
2209 9194
1445 8905
5517 6012
8489 8538
8049 9809
5377 9535
438 3204
4827 8167
1279 6717
4136 9121
6618 9263
1241 6840
8881 9519
162 2822
6684 7795
855 6370
934 2066
8937 9185
2644 4444
7513 7659
5987 7409
6276 7389
1262 1390
5717 7230
9336 9464
9468 9701
5290 5731
3401 6831
5664 8485
239 6449
5580 5662
6558 7003
9070 9479
9093 9888
5993 7613
8582 9584
6530 8389
295 2105
5546 9996
496 6209
8175 9067
2489 6874
7105 8112
6918 8140
3894 5210
7902 8646
4791 5551
1805 2926
8580 8696
6837 6901
2765 5571
4425 8454
7410 7814
1167 1167
6786 8066
467 7359
2633 9417
1477 6517
541 1701
5537 8849
9499 9787
9418 9566
1458 7582
4863 8998
629 2274
6095 8058
7938 8304
7056 8102
5479 7235
9151 9311
7424 9639
8084 9100
7568 8762
3861 6167
3136 4537
3881 6808
5208 5711
3717 6695
9037 9187
1086 7768
6027 9484
7479 7685
952 9632
9297 9354
4008 4227
2077 8810
4852 5949
2831 9168
3594 5045
472 9513
2383 8232
1753 2852
1135 6389
4708 9938
4963 8643
2618 6742
6558 9436
3541 4056
3064 6597
6647 9501
2209 3307
8987 9388
2075 6354
6934 8949
7476 8856
937 5598
360 4793
9539 9973
3248 9336
6817 7348
5917 8546
1192 4974
6642 7168
151 8329
7251 8320
3876 7035
7707 8004
8052 9643
9936 9985
2774 7161
8244 9098
7905 8327
9774 9988
9733 9871
1122 9518
6781 8147
349 7901
6896 9548
8855 9246
2430 8369
7415 9950
3692 9448
1684 7196
5032 9893
2911 7556
1798 4895
3278 9413
5098 9025
7602 8475
9831 9927
9337 9375
6202 9667
7638 9595
2130 4338
3953 6946
9565 9710
4682 5437
7607 8362
1989 2424
5382 6883
3644 6418
3355 8168
2660 8378
4975 5147
1136 2238
3926 4065
2858 2908
845 6772
7553 8631
637 2844
7054 9624
6158 9307
5691 6442
9218 9399
519 8405
528 8795
8409 8697
877 4859
3060 9720
7319 8393
7691 9198
1505 7299
69 9356
6563 8304
1593 9859
7031 7937
4125 9690
4690 7089
1318 8905
5207 5884
7792 8950
456 4583
5116 8965
57 1302
285 1683
4424 7857
864 8795
5086 5433
9789 9912
777 2018
202 9941
5473 8739
8776 9317
2650 5136
2980 8364
1574 7542
6545 8520
8028 9745
800 2107
7078 8850
2254 6538
3595 5418
9462 9561
1399 3842
3172 6298
9950 9974
989 1885
5689 7494
4080 4793
6461 9356
1818 4768
604 1708
9952 9979
7659 8514
4102 5129
7977 7982
5951 9314
6301 8457
2757 5769
4778 6646
5887 6799
1620 8880
3262 5797
2899 4150
1448 5364
4975 7657
7588 9579
3351 9269
271 9233
8267 8737
9860 9864
7841 9440
7341 8225
248 2900
3981 8243
9985 9995
3914 5346
8626 9993
1021 6114
7686 9942
3249 8407
4266 5720
6713 9818
6073 8156
3547 4005
457 787
1188 9309
9676 9743
3716 4117
1213 4667
3692 9479
6051 8257
2050 4297
8318 9813
1378 7423
9658 9683
1735 9449
6236 8527
560 1714
3244 7824
1541 6402
6403 8763
2295 4169
8565 9442
6612 8627
2991 6496
1038 4480
3899 4273
5035 5481
4554 6072
1565 4387
3522 7919
5505 8822
136 9372
5945 6686
6903 9466
1286 3848
4243 7525
7803 9058
394 5991
7438 8013
1638 3448
369 7566
8000 8182
2161 5738
1782 5753
5181 5263
6538 8468
9988 9996
2554 4806
496 1589
3042 3840
2871 8191
8462 9231
3437 7866
3962 4812
4338 4404
4334 7431
3612 7170
5473 8701
546 6164
6026 8928
5956 7134
172 9909
63 5290
4635 5215
8308 9107
3469 5489
8463 8986
5069 9340
502 1399
1384 3888
7509 7714
1446 5843
589 7841
9474 9621
2961 8519
7797 7803
4046 9133
5065 8100
6211 7582
9558 9695
7611 9567
6010 8831
4194 9479
9546 9763
8792 9345
6706 8484
8857 9595
7854 8825
4800 8254
5892 9489
13 5519
807 9098
975 9328
9965 9989
1144 2088
6897 9983
998 9156
8587 9383
2331 4303
2053 8089
3207 9350
5905 8063
4146 4684
9240 9900
6104 6287
6689 7214
1985 9523
850 7898
2044 3997
3413 5198
4968 5568
1705 7564
5342 9089
9642 9807
6636 9893
7864 9237
4381 4646
8198 8199
165 642
918 6281
7170 7525
5742 7136
3176 5281
2905 5001
7776 8455
4787 6288
9643 9788
6245 8908
4609 4659
9688 9922
2797 5208
9895 9950
6990 9286
6389 6822
7647 8594
1745 9677
3845 8822
521 3898
6846 9045
5881 9814
7017 9286
5508 6837
302 9379
349 3401
2074 2830
9138 9744
9592 9799
3356 9565
2109 5856
7172 8417
6346 7672
12 7715
7473 8415
3722 4239
6808 9390
4632 8785
9389 9821
6209 8835
8255 8750
2886 3728
9346 9436
1997 3445
3744 4830
7355 8206
8444 8807
9671 9953
894 6641
5463 6392
4665 6998
7717 9955
3943 4187
5159 5458
4169 8664
3647 7964
8649 9607
7627 8039
938 6085
6486 8362
3341 8499
7375 8013
1311 3587
2820 6616
5905 9305
9210 9994
4487 4810
1024 7520
6544 9765
1327 2079
8290 8846
3463 8977
8458 8582
1520 5096
9060 9775
5764 6660
7014 8463
8704 9167
1467 2191
7268 8396
8684 9846
4362 6017
2577 4927
4730 5041
4280 7548
8384 8982
8790 9888
4488 5142
3061 5210
757 4993
4776 9134
2020 6705
7313 8784
4976 7031
6377 8823
9266 9502
6234 7048
4150 4338
2104 4003
7049 7419
249 4314
6044 8276
7721 9796
2774 9946
1068 6160
9649 9657
2177 5993
9954 9982
6122 6391
9143 9927
670 2184
3480 9859
7873 8625
7493 9746
5847 9155
6048 9735
8956 9954
774 9859
6777 8831
9237 9445
4682 5556
6249 9868
7780 8763
1540 7391
6492 9618
4842 9182
6389 6925
6642 9689
2338 9362
9491 9640
6468 7576
7847 9004
3175 9785
7940 9626
7381 9027
4226 4435
9203 9881
1107 7847
8496 9503
5154 5194
9703 9965
6868 9646
9868 9966
2805 7483
5847 6649
964 8875
4158 9055
9102 9413
1338 5459
8827 9286
6139 8497
9550 9867
1404 2170
7828 9355
3335 6297
8711 9518
9512 9991
6095 6713
5688 7732
208 1586
8028 9541
6925 9492
3257 5582
3959 5326
3693 6060
6318 7697
6649 7337
496 9629
7886 9491
5481 8431
6896 7618
189 2868
5411 9391
3940 3997
2972 8604
2833 6193
6358 6498
2697 9476
6825 8489
2431 2949
2597 4570
3153 7448
7983 9976
5679 8972
3142 3408
9357 9571
3836 7565
7989 8438
7455 9152
5535 8450
8191 9263
8713 9508
7264 7289
4271 5106
845 4517
5663 6450
2521 3488
2687 8497
6121 8228
2376 5388
2583 4714
4472 7124
8149 8528
3025 3257
5585 9688
7953 8334
2053 7016
7411 9219
7011 9575
2359 5490
1402 3438
1868 3731
2887 6147
1828 4632
5847 7853
854 5583
8584 8678
7298 7814
1888 2737
2243 2593
4464 5711
9878 9997
9891 9922
8422 9126
6491 9320
9802 9958
1225 3948
5943 6112
9274 9482
3777 6247
428 2218
2901 5343
8060 9919
2761 4720
4203 5919
5246 8367
6776 8247
5977 6908
4404 7848
6306 9103
4884 6155
6853 9920
8458 8719
1536 8389
7059 9831
4236 7447
4660 9518
3277 4674
2456 8595
1098 6519
265 6294
8501 9993
4830 5536
9953 9963
344 3878
2709 8372
5150 8557
7538 8922
7358 9839
9408 9832
5994 7070
3101 4691
5294 7670
3053 3687
8835 9853
6292 7570
1952 5711
4612 8229
7418 9836
8384 9023
8083 9261
6927 8268
8099 8764
2660 9954
9966 9968
7845 9828
4766 5968
3348 8706
7602 8983
7503 9649
5529 8305
4872 5055
1901 4827
8260 9300
2694 4245
2220 7730
7233 8649
4950 6847
1819 7550
3375 8892
4999 5882
8119 8516
1969 2386
1343 1465
9728 9748
3668 8701
1969 8923
2939 9197
9587 9677
3239 9604
2563 9029
7577 9657
9894 9934
3309 5757
6948 8296
2925 6921
4407 9099
9378 9557
2796 7908
8109 9267
9267 9578
5488 9518
1523 3354
7000 8803
5802 9183
5409 5710
756 5227
483 8786
6475 8570
7231 9079
9694 9998
3200 8277
1936 6330
1472 3239
3821 4928
6730 9001
9472 9686
9804 9901
2769 6939
549 6678
6285 6664
9650 9934
2685 6227
5109 9770
5114 5892
6617 9929
5338 6190
1740 2914
3597 9261
1673 8510
9832 9969
6449 6794
2554 7510
3723 8939
2393 4787
9064 9416
5431 7692
8123 9603
9026 9473
319 7915
6152 9779
3175 4985
8593 9218
3730 6015
6763 7138
5130 6253
802 6534
840 4407
7056 9862
5966 6602
3184 6562
1690 6061
9799 9952
6941 8587
1952 2469
598 6530
1034 4150
9196 9598
3664 9821
3615 5412
5145 6284
6362 8820
8698 9830
80 530
7385 8589
256 3958
7603 7797
7981 9549
2861 9976
7846 8212
8413 8757
8132 8466
6626 8319
2406 3874
8241 9400
4357 6439
5171 7213
2730 3399
3089 7803
1680 7142
7046 7695
2783 9179
8376 9490
9405 9941
5154 9169
5666 8239
1194 9367
6847 7719
1367 7426
7399 9332
315 9517
900 1109
7460 8268
7822 8446
1446 7398
5777 7241
1747 6975
3555 6630
77 7791
758 2724
4484 6944
5282 8817
8392 9235
2948 3900
1789 8480
2723 2957
2263 2512
7569 8684
1399 3989
9232 9624
3649 5878
2427 4488
8371 9577
2078 3458
7918 9924
8597 9449
8673 8900
6548 8010
3480 7867
8748 9703
860 4372
724 6929
5028 5486
7015 8749
6984 7817
5447 6512
458 1223
2139 7817
2521 7916
4303 6129
3575 5304
8968 9297
9261 9799
1954 7326
339 3730
8249 8824
3229 6169
4351 5675
3185 5659
1996 5593
8326 9694
6721 6835
9794 9843
6721 8914
9945 9982
1906 3585
1755 4179
2098 3585
8728 8995
1976 6656
2451 3276
1300 1518
1038 2783
8652 8654
6047 9820
5060 7365
7241 9534
8489 9608
4974 9637
3749 7935
5900 9238
7560 8464
563 1356
7769 9016
757 2323
6786 8583
488 1663
1012 1302
1361 7270
9895 9930
5953 8496
5054 9255
1269 9703
548 8998
4320 9346
5552 9143
2188 4850
6741 8362
5599 8385
4510 5111
8953 9519
2209 4739
1968 2612
2289 8958
3938 4300
663 2675
4514 7880
2901 5652
6389 9622
6270 7888
3101 7578
9561 9691
5490 8017
5295 5576
8585 9689
3088 9275
2317 9606
8910 8913
6160 8823
789 7514
5803 6245
6292 8626
8821 9224
3369 7495
8635 8871
7137 8874
9378 9798
5274 5991
3074 9890
5221 7769
5673 7189
3711 4972
5101 5173
2952 9469
3331 7330
6549 6590
6716 9689
7974 9472
645 1309
1101 4273
1989 2902
2893 5043
2424 4372
2787 9972
7488 9248
1177 6733
8176 8580
5361 5792
2694 8243
1942 2598
8640 9223
197 6486
5047 5290
6443 8331
3164 7122
5781 7452
474 7177
6644 6976
465 5136
2695 7960
7108 9078
5526 6289
987 4217
3000 5607
4344 7994
2928 9216
9939 9968
8650 8806
7709 9486
1 5505
7575 8358
5866 7934
858 5493
2190 5608
1603 6110
6367 9628
6475 8184
9750 9895
7313 8092
3278 5691
1523 8262
6209 9182
7830 9842
3827 7805
8227 9841
8202 9873
2026 4456
4168 5073
7557 9334
2486 2676
6630 7372
4699 5578
578 5811
6405 7604
7314 7810
1447 3219
2960 8518
1864 8268
7985 8510
7652 8655
4492 4985
8753 9738
9418 9446
9068 9119
6213 7092
2373 6001
4533 7155
3969 6749
3611 4781
4410 8242
470 2880
7000 8194
9297 9480
5561 6398
1142 4036
8179 9162
6723 8972
5265 6903
468 7285
5877 9369
1926 7349
3800 7007
901 2509
7853 8087
947 7367
4683 8151
126 7472
8568 9567
4434 7850
9056 9239
8430 8861
6067 8349
6284 6559
7739 9048
6859 6880
1907 5346
7684 9100
7038 9349
5601 9900
5514 9677
2883 7979
9963 9975
3108 9663
7614 9924
2353 3691
9280 9954
5000 5616
4109 7865
5526 6693
9085 9203
574 5717
9942 9958
9926 9972
8721 8948
8364 9671
5221 9402
94 3557
134 5953
3368 5777
3384 4412
9606 9900
5449 8879
191 8515
1993 9552
9409 9640
3275 4013
8789 9680
5639 7613
4539 9683
7605 7658
8995 9001
4463 8884
2828 4842
9523 9941
1710 7457
1873 7990
1017 8659
3705 7791
5635 6336
5745 8797
4665 4758
351 2672
838 2309
5862 6603
4956 8693
9454 9845
66 2138
2214 5769
4531 6201
9672 9749
2401 6134
8075 8302
8986 9395
9689 9942
3502 9366
7678 9492
2096 2976
7716 8922
5035 5866
1995 9386
2062 7730
8028 9681
4739 4812
3258 4549
5301 5801
1502 5668
6576 7049
6601 7504
2755 8212
2776 6230
2926 8543
7067 9370
9785 9801
9463 9577
9618 9764
7008 9660
8301 9225
3224 5610
1448 5305
1122 6754
4432 7228
9280 9284
1289 4462
8383 8412
9453 9775
4810 8985
1017 2392
2525 6887
5354 8352
4832 7643
7460 8803
9756 9952
1079 8807
302 5638
1667 7811
9873 9934
785 4265
2176 2864
7719 9255
7949 9278
8073 8095
5774 7986
148 2264
8966 9296
6638 7440
5523 9706
149 5199
4024 8681
4985 6387
5255 6329
5269 8754
1077 2072
3189 7702
8065 9493
5944 7081
2627 5077
3060 9055
9145 9849
9070 9670
643 4005
1670 2592
5107 6016
4333 7282
1486 2134
8242 9291
972 3025
9854 9881
4641 9666
2762 8181
2663 3305
4957 5234
8605 8737
1066 9084
5581 6926
4401 4693
1198 1597
4850 9075
9922 9963
3928 4828
8884 9111
6958 9772
1271 3294
3802 9703
6224 7206
7213 7636
5067 5574
3873 8912
4369 6536
2288 4925
6482 8849
159 521
5771 6456
2973 4680
8087 8815
8767 9195
1143 3458
1849 3285
5900 7716
4181 8656
653 5250
4685 9470
4076 7547
8181 8816
2833 7941
1658 4144
628 9915
1726 3532
5785 9095
2786 8896
934 8240
7970 9375
8581 9808
7454 9432
7237 9122
1800 8402
2002 6997
1710 5680
728 5625
2673 6219
8755 9240
1725 2539
4538 9369
7596 8747
4637 7792
4535 6367
341 1753
9966 9977
5059 8730
1998 7695
7033 9383
1673 6951
3920 8567
3316 7459
9950 9958
9170 9330
9417 9760
2148 6029
4050 4384
6960 8935
177 319
3079 8770
8813 9428
3191 9187
9275 9865
5216 6234
6147 7528
7626 7862
2008 4173
5357 6436
8352 8762
455 5129
665 9152
2703 3435
9672 9701
8668 8959
9563 9841
3567 7902
4089 5885
7344 8511
6293 8262
6046 9994
410 2047
9124 9241
4080 9278
3754 9839
4148 7270
7533 9772
9247 9901
6408 9119
1934 5032
6217 7014
6582 7371
1553 6340
5111 7895
5985 8748
8116 9505
8015 9869
4569 8583
1421 2060
9947 9948
3045 7306
999 2249
1764 4589
4528 9878
557 3901
3353 8930
111 6961
5584 9957
7615 8266
7372 7621
2971 7153
2308 4965
7620 9695
6593 9416
9264 9358
5048 8729
5704 8936
3292 5227
1151 7017
1496 3231
3228 9828
2235 9038
3265 8469
1907 9687
3669 8006
5044 8200
632 3132
8767 9885
2527 8811
3917 8599
996 2244
2910 8970
3327 6332
6518 9666
6175 8017
8391 9000
1656 3474
3568 8419
4790 8542
7860 8379
9630 9940
9894 9993
8796 9622
1943 6948
9040 9099
6734 7792
4757 6262
9302 9912
9528 9777
9005 9574
5585 8315
6376 9687
6052 7101
6367 9322
9915 9968
3958 3996
3948 4848
4518 8656
6394 8092
193 1048
493 9403
8346 8495
4739 6316
8584 9538
8613 9854
1498 9019
1750 8108
3285 6711
4718 9028
1028 8503
2327 5255
7601 9250
4901 5590
270 6008
9535 9791
1482 5632
5827 8330
7950 9391
8341 9758
905 5890
8006 9822
4039 8023
2583 4746
8969 9309
4883 8982
2234 8107
130 2907
8316 8741
2912 5802
2246 6187
63 4423
9946 9990
7390 8589
8296 8489
6276 6368
2272 5175
2507 4490
827 4193
5990 9384
9279 9282
2465 8476
4411 6434
9839 9853
732 9795
7028 7642
3799 7246
5407 7255
812 4455
1559 8646
8454 9271
4366 8099
4070 5306
810 5767
4281 6945
4947 6523
9162 9274
7568 9509
9758 9945
653 7307
3830 7815
7961 9009
4423 7493
6052 6144
9584 9665
2135 7452
865 1382
4527 6032
2089 3122
8297 8861
5624 6505
650 8199
2 7680
5945 8070
3811 4436
9791 9974
7386 9100
1615 4395
2414 7708
4653 7907
5356 7973
4590 5057
5893 8162
2952 7804
9705 9796
855 4298
975 1241
1974 8059
4150 4732
4713 8454
2871 6976
5283 8857
7515 7690
1719 2067
6630 6756
6688 6845
7234 8440
9864 9942
3885 7291
4473 6524
7875 9397
2321 8271
558 6883
4431 6643
1666 7831
6136 7283
7857 8415
8646 8681
4184 8059
3948 6020
6985 7193
592 8798
4612 8678
4650 6795
6087 7185
191 3362
3179 8577
3856 5407
119 9897
8838 9129
7415 9285
3766 6680
4891 5264
2577 6790
8306 9206
2034 8896
6486 9913
4442 5006
319 6928
3737 4538
1041 1649
7334 8998
9441 9903
3346 8158
3182 6347
6045 8428
317 408
7740 7764
4546 6285
7658 7874
6058 9890
6070 7654
3465 8515
9300 9634
7719 9651
4201 7157
2557 8546
9672 9824
8588 9306
4806 8773
6225 7183
640 9631
4211 8261
6714 9023
5459 6414
6284 8955
4896 5274
8444 9338
259 2821
6197 8060
6009 8951
4567 5892
7807 9964
4511 8461
8532 9005
8681 9380
1119 2270
919 6106
209 3752
1541 5500
5443 5720
7483 8032
3066 5864
9060 9113
302 589
3560 9116
171 9494
201 448
2766 6853
4082 4252
9324 9777
1815 6733
300 912
1371 8264
9982 9994
4519 5461
9510 9597
4180 6690
9508 9953
3844 4103
4359 5704
1458 9889
8020 8222
189 4257
7804 9031
6628 9636
4429 7515
7637 9580
4459 7204
5779 7560
7392 8005
4442 5513
2014 9946
3660 8511
6938 8643
9281 9507
3402 5396
1508 9301
9481 9735
4513 5435
570 8138
3413 5200
6501 9136
3024 5395
5054 9215
9367 9684
987 5118
6257 9976
3390 5694
807 7362
6907 7328
7046 7213
4462 9729
2443 6694
5212 8368
7335 9795
2360 8288
1907 7833
5617 7112
8576 9014
4412 4815
3604 4795
9146 9786
2299 6325
6105 8662
8983 9860
8955 9609
4118 4278
5490 6514
3689 6448
3755 7915
1993 6129
3286 5327
5917 7154
7645 9130
1024 1225
1351 5965
3017 5246
8683 9114
3924 7377
8919 8926
8111 8236
4415 7010
7737 8624
4141 7967
2861 9023
9835 9977
3689 7992
6045 6737
52 6601
258 5048
7442 7974
796 3050
6026 9501
876 5331
6824 7507
4175 8210
6338 9210
4626 7575
6068 7760
81 3972
8397 9567
6533 9595
6978 8716
6504 7526
7805 8206
5968 7901
9627 9866
8849 9551
3009 9868
7528 9254
1750 5546
1710 3667
9261 9415
8936 9980
1691 6554
6405 9891
4678 5341
9904 9991
8970 9583
5000 8067
8321 9003
3122 7894
8162 8508
1059 1859
8918 9783
2681 8762
5776 6681
3523 3726
7872 9887
6923 7110
2205 7538
2084 3897
9504 9949
1627 3214
2871 6379
56 8048
8100 9033
29 8772
5258 6198
1306 7536
4995 9217
2574 5612
8116 9801
9161 9916
7298 8263
6101 7624
6993 7186
5542 8310
5617 9998
39 7528
6302 7564
1730 9455
9354 9763
1917 8683
3896 7114
7986 9865
440 8347
8021 9614
7753 7814
1280 5415
4190 9154
4136 9737
570 2508
976 2052
2396 2957
405 4786
6056 8016
6239 9584
9740 9964
4207 4598
2272 8700
1587 2736
3103 5847
5871 9781
8245 8493
2644 9766
3487 9523
2458 9345
9602 9896
5480 7665
7511 9110
2105 3207
8734 9697
2434 8767
5552 8625
3468 6882
9099 9676
7321 7443
5221 7819
849 2721
1243 4544
5715 6377
8003 8679
967 7319
6594 8502
5900 7668
1329 7506
699 3646
3263 3278
1627 5460
5210 9421
719 6401
2199 4183
1457 4312
7711 9930
3432 9218
2126 7461
4693 6100
6157 7520
2931 5040
5087 9933
6223 8913
9203 9625
1229 3951
1272 6350
8373 9760
2698 7669
8695 9665
4173 6255
9803 9930
2197 7937
4917 7611
3200 4448
491 9576
3779 3917
7175 8964
3879 3950
2670 9295
234 3755
3674 6610
3017 8350
8321 9944
6972 9884
4043 7762
2533 9157
8929 9649
5199 9455
5779 7092
9469 9642
8945 9029
6554 6966
7762 9609
256 1492
2336 8011
7554 9470
3658 4398
8250 9600
386 4666
4883 5572
9247 9890
8703 9063
7957 8258
1483 6131
6446 6870
2541 3259
5801 8985
3088 3700
5366 7579
7968 8302
7000 9946
6680 8933
3222 6402
4567 7336
4448 4622
1248 8184
6954 9703
9799 9962
4110 4143
6838 6840
8497 9619
5861 6130
3049 6881
4718 7522
7474 8390
4009 9919
1260 9165
6374 7595
6666 9163
9949 9969
2165 2974
7645 9054
2165 8617
8925 8970
8798 9182
4268 4921
4669 9135
875 1330
1649 5834
3613 6797
8466 8615
9732 9965
4043 5473
6571 8127
4063 5801
3609 6660
5763 8243
7016 9041
2599 2745
7133 9226
7647 9328
1406 4088
6295 8806
3600 3902
4882 5286
750 2939
6580 9131
3421 9938
3915 6800
9325 9872
5087 6016
3525 8034
8746 9843
5068 5639
5329 7483
1446 7000
7835 9760
232 3908
606 4619
6427 9182
491 713
7243 9629
4385 6890
6643 6976
2445 8631
7907 8063
5406 6658
6722 8185
2823 9175
9158 9751
8160 9590
1288 8574
5933 9880
9459 9459
6390 8007
9298 9550
4872 6406
679 6323
7672 9829
6597 9940
7266 9393
3251 8127
2272 8377
7303 9337
2689 8092
7869 8183
3543 4161
1541 3540
2315 6973
1822 9822
1702 3287
1438 9460
1609 9938
7100 8372
5371 8529
4498 4871
7309 9121
7685 9848
2282 4216
5743 6265
9821 9940
2877 3233
7396 9146
3162 6575
9731 9795
1058 8000
8293 8830
5463 8867
4292 5625
5843 8797
7269 9173
5162 9633
17 2385
1949 7677
5620 5623
7013 7490
2013 7354
9616 9834
1542 1922
3812 6894
5909 6731
8639 8845
2460 4532
5400 7291
8941 9513
1872 8090
5223 7847
3538 8509
7943 8244
2692 8984
3372 6745
5731 9685
2128 8410
1583 5689
9276 9661
1456 3037
2159 7221
8001 9961
5778 6647
1024 5369
7216 8081
4828 5537
3089 5031
6175 7335
5753 8689
5547 8024
6191 8804
9989 9990
4808 7095
8411 8695
9500 9872
6168 8384
7990 9394
3610 4199
7334 9451
2730 4025
9286 9452
8515 9762
5905 6381
7279 9866
492 3659
9378 9764
4550 7883
5356 6204
6906 7855
7402 9588
5585 7526
9730 9828
7995 8307
8573 9263
6404 8138
5636 8376
3371 4844
1612 7243
6789 8248
9301 9958
5250 9980
5909 8911
1445 3190
4618 9182
4554 6293
7666 9706
6811 8494
8706 9049
1202 2705
1335 9013
9309 9421
2100 8448
2567 4006
1829 6470
8214 8287
1389 3921
6078 6439
3163 6348
657 1530
1719 9057
7443 8568
4195 4733
6794 9859
6612 8422
887 1847
7981 9652
5719 8242
6021 9373
9727 9771
8429 9845
4490 9632
5143 5543
6534 9587
3614 9006
6832 7018
402 954
8828 9211
985 9406
7060 8012
4267 4978
6679 7311
1949 5589
7465 7768
9217 9539
4886 5568
7206 7277
9667 9958
5536 9698
4596 8680
8896 9309
6786 7158
8296 8320
5428 6411
7836 8039
9681 9712
8400 9599
6065 7778
7304 8086
5029 8327
9662 9944
7402 8679
3761 4993
3590 6137
478 7782
5581 8934
9696 9905
4412 7834
782 8358
5712 9670
8104 8464
1064 8193
5008 6382
1691 2865
36 5122
6503 9395
6729 8414
822 7679
8143 9121
8547 9019
1562 3226
2105 7751
4571 7845
2338 2878
5273 8505
543 6707
8792 8987
330 7555
2241 4413
8827 8888
6342 6545
4814 6882
3784 7611
8311 9278
6972 9649
3460 6962
6761 8210
170 807
3913 5463
2707 6778
2860 7539
2146 6440
3907 5529
965 2961
6889 9428
6476 7024
7840 8441
2473 8243
6733 8412
1866 8733
5625 5955
4381 5168
7717 9311
2175 8353
2087 4797
1068 9365
5080 6489
9737 9906
5815 9846
4418 8965
6926 9780
854 6199
7581 8424
5561 6735
5199 6407
9438 9536
3634 8976
6323 6382
919 9700
7773 8916
958 8776
8381 8864
8956 9039
9508 9938
9624 9894
664 3515
7323 9601
8222 9497
7562 8822
7537 7924
6317 7025
3877 6130
331 2950
9933 9945
9179 9821
8209 8459
4006 7695
5408 8585
9652 9824
9554 9901
7051 8399
801 5538
3590 8751
6341 9247
5269 7155
4450 5290
8863 9822
2611 7729
5428 7702
2631 5996
9341 9934
4097 6029
7684 8863
9231 9285
1653 8498
908 2712
535 9139
3402 4789
320 7818
8624 9087
3065 3253
7018 9861
4444 6673
6786 7024
2080 2761
9991 9995
772 2368
5890 8975
164 6258
6116 9247
3408 4073
1345 8764
8321 9665
4736 5981
1153 9839
3477 5477
1848 9487
4491 6352
2153 8091
981 1887
2080 5923
8655 9254
908 5171
8965 9287
8013 9967
4796 5898
1134 3182
6532 8362
5001 7489
1286 9385
5991 7768
6053 8079
8668 9375
3177 5024
4990 5932
8450 9749
9688 9799
5246 9515
8308 9265
8557 9189
9035 9670
8401 9704
2865 4929
8192 9435
3094 3591
864 8864
2333 8027
4821 6632
9887 9995
2049 9199
9753 9898
4411 9303
9107 9611
6405 7780
3368 5724
2066 5781
1124 6328
7377 9608
2699 5279
5387 7828
6834 7173
6960 8011
287 6773
4599 5672
9368 9465
3426 6169
2036 9822
866 6056
1212 2573
6060 9396
7084 9247
6829 9699
1720 3510
2338 4459
6915 7896
4159 5110
3232 3450
4612 8379
2974 8490
9919 9990
6807 9493
2647 3238
9903 9982
5535 7589
5146 6652
581 4466
3348 8038
2325 5725
9924 9968
1367 9606
4173 9851
5379 6548
7268 9394
5864 8071
2612 5348
2993 6724
2419 8197
4442 8504
7307 8581
2743 3079
358 4607
8661 8823
895 9678
5660 8374
9630 9848
2744 5255
3020 9002
9793 9804
5260 9282
7350 8072
1067 7104
2347 9341
9305 9827
3151 5018
8585 9220
278 2672
8897 9826
7483 9777
3262 7691
986 2461
8019 8808
2068 8593
7338 9252
4686 9900
998 1670
9177 9975
5025 8095
4761 7594
4890 9119
2245 7309
6441 6651
2229 3377
7360 7467
3763 7989
6077 7765
2430 9083
121 7259
646 4009
8 7962
6784 7163
5775 6324
9685 9980
4252 9381
8092 8849
9944 9981
6788 9101
6693 9358
1205 9825
2349 9239
1053 1920
9674 9855
2484 8463
997 5336
872 2884
3278 6544
5176 9789
1022 7621
6843 6917
4401 5441
4226 9645
2881 6472
4413 7234
5726 9368
2889 5098
8144 9325
2675 8249
4403 7961
8309 8449
6026 8811
9600 9718
9757 9793
6467 8499
565 7222
9170 9922
1561 3781
7533 9824
2513 6275
5258 9159
153 5837
3503 8158
4322 9374
5894 9903
3409 7759
3051 3827
2565 4272
7823 7827
8125 9080
6600 7987
2290 5331
7906 8582
3753 9039
744 6637
6992 8705
6452 7964
3446 5757
6079 6854
5118 5787
6299 6910
1846 4696
9413 9534
6371 9626
6362 6778
8798 9608
2428 5837
6642 6642
2945 9249
328 8252
6045 7623
4872 6820
2627 7849
2810 9595
8099 9293
5107 6770
5438 7560
6935 7438
6312 8230
5514 9935
6554 6895
2096 7793
7686 9409
6710 8334
7436 8671
2129 5010
9552 9673
3491 5857
6828 6883
811 2735
4461 4753
4685 9822
9959 9999
9452 9732
6908 7875
4654 6912
9367 9723
4167 5584
2570 2816
7143 7466
995 7755
8362 8738
4737 7598
4170 9181
9142 9492
7694 9272
7947 9459
6163 9837
2117 6220
113 9331
4185 5850
7 7053
8180 9599
5844 7438
2949 5993
6207 7825
3493 5926
7279 7803
2746 8344
5973 9055
1229 3910
1134 7861
172 6649
264 6159
4908 6172
8376 9015
6996 7309
8154 9592
1219 5612
8849 9836
4933 9611
885 6387
9110 9435
8558 8864
3601 5670
8781 9434
9267 9844
9278 9313
5155 9910
5088 7665
1660 2014
2232 7426
2208 4921
3061 5176
817 5549
8468 9011
8360 9905
2720 9877
7306 8953
2060 8336
7962 9635
9661 9899
362 8332
335 2475
7968 9267
4713 4713
6940 9681
8794 9755
2798 6031
3611 6020
3079 5901
5468 6446
6583 8670
6545 9648
7791 8751
754 5127
9488 9971
6023 8444
6649 8525
1468 8259
4416 8582
8725 9573
8876 9283
6678 8014
2100 6923
1349 8536
8620 9786
7816 8962
9066 9293
4458 5190
4902 5322
8782 9103
5272 6198
2140 5265
7553 8306
3811 9749
3100 4669
1852 5689
5610 8489
5036 6907
7080 7813
5616 7308
9659 9715
8235 8450
6024 7663
4501 6403
1804 3033
6817 7640
6457 7250
3085 9073
4108 5545
7459 8575
6523 8165
2535 7514
3548 9817
5181 9074
8481 8669
4901 6494
9570 9676
929 2449
5711 7145
1618 3706
3231 9170
4938 9459
4846 8709
7180 9290
317 5376
2999 6848
1361 3430
6789 8335
828 9758
3172 7525
9456 9768
9207 9219
3881 6241
2941 5203
9125 9688
9049 9915
6853 7345
5986 9011
4638 8081
5765 8415
6449 7207
9748 9983
1199 2673
1329 5322
6671 7914
8096 9369
7387 9860
8884 9277
2113 6796
3020 9754
2998 9578
9108 9527
8362 8738
8743 9422
4140 4841
5916 6597
7075 9326
9818 9925
9409 9470
4551 9370
2273 4179
7140 7477
5764 8430
4803 6762
6938 9062
8146 8398
1235 4741
8384 9393
8037 8148
3452 3511
7063 8500
4193 6731
8507 8739
5424 9601
4260 7139
215 2802
9994 9998
3860 9583
7312 9050
1648 2368
2358 3303
6301 7448
4124 5527
6118 6275
1847 6144
5211 8820
5325 6040
5693 9071
6293 8531
3158 8551
8988 9740
2380 9705
5805 7116
9173 9768
8144 9637
1586 8835
2374 4306
7562 9955
6544 6744
9558 9876
7065 8919
5798 9809
3032 6830
5069 7664
8539 9426
7509 7658
4279 9245
1704 1902
3107 6581
740 6912
9727 9917
5688 9570
4896 8515
326 5897
4799 6919
4486 7395
6012 7886
4007 6302
1311 6712
8711 9754
5760 6170
7290 9670
4628 6533
9509 9772
5898 6248
4113 9433
8044 8155
6815 6990
6464 6952
9525 9853
5911 6560
8783 9621
4750 9853
3332 9241
4284 7192
2889 4613
8491 9641
4613 9953
6998 8735
4775 5179
4844 7003
1901 3957
7157 8947
7204 9850
8742 8913
2717 8423
852 4331
9074 9649
989 1683
6330 9039
7819 7875
8708 9350
1594 5414
423 6183
9011 9086
6773 9970
1109 8866
1595 7028
2684 3050
2903 8774
8747 8753
5000 6270
510 4456
8215 9291
3461 6666
6114 7099
5807 9011
8588 8830
1243 4480
1553 2460
5063 8219
5563 9478
9282 9646
3140 4960
8867 8986
9760 9908
4286 7079
4387 9500
830 4823
6484 8385
5691 8851
3884 4730
9728 9763
7666 9598
5140 5449
418 6332
5292 6578
4765 6794
7250 8130
683 1229
2786 4479
3238 6928
5386 6773
5324 9767
504 3444
3987 5707
1719 2302
790 7125
5707 8272
6310 8551
2999 3071
3522 7333
3151 4381
4941 5420
9710 9833
1341 2770
9225 9880
8492 9456
9667 9684
199 1959
4604 7311
9512 9914
3433 9574
3926 8244
7189 8522
882 8504
7134 7282
5429 9853
4854 9164
4032 8232
192 2893
3153 9299
2032 9612
1353 4226
8611 8808
7772 8526
2590 6747
4398 5039
2772 5970
1954 2955
7554 9736
4236 6294
1949 6062
6950 9310
7310 9604
3227 6778
4841 9669
4773 9926
8219 9253
7086 9855
3429 3854
8179 9082
5140 6011
6138 8012
511 6532
8483 8825
5596 9353
2625 3103
2474 6388
3456 7056
4520 4755
3639 7937
5637 7215
6988 9328
6452 8761
2485 2745
5335 6177
9122 9386
990 7630
4575 6496
3494 4256
776 5115
9614 9746
4373 6356
4621 6672
5234 6678
7331 8713
6631 9322
5309 6530
432 9342
768 5412
9233 9550
2261 3887
1196 6641
4771 9727
5601 9500
1545 2837
2474 3732
9207 9433
3838 9626
4632 8954
5393 7610
4673 7476
6219 9720
8578 8878
1353 8367
2977 4235
4669 4968
1660 7106
5652 8070
6494 8911
3883 5937
6303 9185
6252 9527
4190 6907
3837 9784
6197 8313
8400 9668
874 4806
8183 8645
4060 4343
9750 9793
6544 9448
5956 8514
3895 9752
3532 4904
971 4276
1019 4371
257 9186
4727 8623
5333 6901
4154 8762
9117 9778
3187 8467
2873 4508
15 5805
8801 8889
2956 4022
5952 9533
1719 5154
806 7160
8938 9448
760 8541
4510 7301
9135 9188
6887 7386
767 1889
3805 9453
4322 6214
27 64
2071 5038
6312 7233
308 6536
6084 6169
411 4448
7180 7932
6899 9217
8753 9507
3342 5128
5955 9172
9532 9633
853 2449
895 2965
4592 6971
7699 8605
1325 2311
90 8111
1176 2451
8863 9384
2584 7952
2753 9404
9645 9790
5050 7777
3401 4307
3048 7839
5590 7387
3667 4467
457 7435
5167 6027
3393 3976
5257 6774
7337 7349
8717 9506
3500 3922
8002 9434
4485 5244
7234 9211
9077 9299
4812 4988
8476 8764
5803 6158
4348 7217
4342 9883
3936 8164
9839 9892
1288 1978
5243 9105
6687 6954
4669 5605
6344 7778
9477 9846
1948 8237
287 1958
6061 6932
441 8831
8238 9200
697 1476
9901 9959
1624 9824
661 8497
3038 9698
4309 6583
3576 8338
2929 9486
8768 8879
795 9656
6796 7293
1139 8266
8341 9006
4038 4951
323 5018
4285 4320
5497 8665
4725 6325
4976 7031
9083 9590
4609 7665
4795 6632
6742 8503
8666 9382
5014 8326
5844 6827
3727 6480
1076 3701
3802 9458
313 8604
1318 4281
637 9817
1453 6053
44 138
8186 9448
9028 9437
4337 7786
8407 9374
6586 7713
3149 3200
5762 7326
7480 7867
3980 3991
9155 9449
7579 9131
485 9196
4124 4380
954 7512
8450 9710
6039 8565
9537 9753
3192 8524
1840 5299
8180 9614
4699 9231
7959 9790
519 1815
6234 9231
790 1615
3935 9370
1139 1888
8159 9809
6772 9101
9880 9903
2395 9016
4925 9763
6252 7390
3154 6998
1850 2234
5861 9655
2541 3914
5280 8378
5224 5287
7291 9167
8084 8623
7172 7440
6272 7374
4073 7009
8293 9481
2176 9849
2979 7701
9796 9988
4862 9496
5234 9579
9276 9414
1457 7765
2422 6031
3877 4384
7452 9062
4349 6762
2045 5798
587 6745
3825 8681
9286 9739
3040 7602
744 7372
7129 9543
2550 9439
5772 6661
8295 8480
9574 9817
9880 9984
1265 7735
5546 9506
1423 1970
5915 7427
9177 9673
50 8025
4870 8835
5091 7356
7097 8406
1913 6787
2438 6047
4890 5688
6083 6829
4226 9482
7472 9912
2351 8887
6189 7037
855 7941
6639 7224
2435 9086
3245 3800
8088 8232
4186 5731
9170 9182
2641 8428
5464 8582
4544 6723
5719 8334
2387 9579
5703 8933
2433 7570
7550 9447
7952 8114
9278 9812
8439 8525
45 3069
9551 9988
4889 5392
8449 9390
9805 9860
578 6793
3166 3601
6102 8242
6128 7430
4467 9974
1774 5261
8598 9620
1790 9786
3958 8452
515 8039
9629 9803
9506 9591
212 817
9544 9564
3842 3993
350 1638
8049 8616
1769 2160
9259 9482
2426 3808
5487 8401
1171 5352
4191 6844
6533 9605
7718 8500
6607 8711
3855 5856
4221 7438
6534 7441
8254 9076
3615 5829
7656 9048
9411 9642
2 6092
8765 9275
5157 5534
8430 9640
4633 7463
5825 8095
3387 6595
7496 9533
2923 5401
4161 6814
8037 8345
1731 6799
4597 6656
6769 7385
9665 9682
5512 6376
7099 7983
5330 6167
5578 7815
9572 9750
6409 9978
86 1520
5918 7442
5059 8067
6266 9572
304 7090
6014 9391
7967 9694
6273 8325
8424 9228
3941 8200
6192 7941
5947 6085
7920 8123
7287 9603
4159 9266
9379 9947
3858 9864
4400 7623
2232 6234
4996 9264
1801 7452
834 6685
8381 8474
4758 6899
7632 9731
9102 9631
8185 8533
6306 8958
2613 3623
4914 7946
2185 2931
5002 7667
5480 6270
441 1537
2381 6658
7859 8589
7108 9537
395 3662
4396 8985
9123 9189
7689 9988
6116 9123
4885 7636
8859 9662
661 9580
5506 8622
1124 6477
9161 9326
1702 9157
8453 8941
6200 6237
96 4470
1835 7763
1719 5451
1555 3095
6952 7325
529 3980
4240 5329
2074 3072
4144 6247
4460 5367
1537 4011
6478 7810
618 1596
2335 2775
94 7378
7879 8324
2815 4193
7130 8420
6422 8765
9511 9809
3065 3687
6103 9239
5858 6032
9974 9989
1855 5822
7174 9386
5679 8468
8617 8697
5106 9458
4295 7214
4397 7304
175 1209
7236 9818
5460 5721
6684 8282
8545 9658
6382 8345
1036 3202
8348 9698
1633 5450
2330 6495
6227 8546
4230 7170
1101 4773
2374 7505
3681 6249
4053 8700
7253 9459
9916 9974
928 9244
925 1842
5122 7807
3292 9792
7304 8999
6946 9008
8454 9887
6470 9648
9794 9848
487 3138
3977 5790
7067 7292
7225 9309
7892 8199
9566 9592
0 6940
5156 9738
9796 9845
8469 8890
1866 8078
9926 9987
7708 7969
971 2986
2574 7636
9587 9630
4391 4512
7821 9853
1339 5512
1159 2939
5849 9446
2867 3704
816 2449
4285 8153
5692 9352
3252 3956
7677 8620
729 1817
3100 6376
2413 2686
3148 9659
6071 9159
4130 6929
9121 9562
492 4535
1526 8670
4882 6310
6752 8229
7342 9575
1857 9865
8487 9239
7669 8493
7950 9463
4210 8476
7057 7735
7211 7628
5504 6275
2060 3306
5740 6682
3556 6114
4207 7541
1624 9660
9223 9280
3605 9499
3242 7443
6585 8118
682 5986
4899 9446
9368 9593
1162 9320
1179 6181
6532 7435
7302 8910
5665 9231
3169 8304
5505 9506
9421 9984
3462 7544
5012 8706
3219 5045
8903 9480
7058 7483
4199 4325
9492 9593
3837 6232
1211 5614
3189 7363
5201 5314
8064 9721
4204 8971
325 2738
1713 5610
7484 7861
751 9150
5261 5682
2638 3355
2486 8928
4990 5145
1671 2863
8258 9488
3768 9276
4304 9131
3760 8495
6682 8234
766 4284
6611 7598
4583 9993
6649 7629
8897 9919
7988 8136
2073 8759
9180 9463
1725 5218
7756 8687
7075 7319
2712 4306
6516 7642
1441 6978
551 6396
6263 8341
2467 9675
6587 7011
3488 4093
5083 7181
6967 7465
2821 7061
403 1530
1442 2716
9852 9901
7978 8178
1194 8153
3689 6703
4607 6145
279 1068
7577 8018
5915 9287
2924 8374
12 9038
3432 8548
2608 8570
2566 9069
7605 9365
7210 9150
9887 9939
418 4699
5216 9506
1763 5184
6590 8377
2616 3170
9573 9743
2518 6434
8811 9014
4755 5998
5192 9009
6275 9480
5282 9549
2329 5938
2893 9930
1145 2367
3080 4832
6443 9274
5780 9386
9694 9939
6697 9705
3134 8267
2135 8799
4937 5080
1968 2572
1730 9358
9174 9459
4537 6409
5171 6387
1141 5500
5307 6719
2093 3153
1506 4799
8576 9750
4205 9982
2011 5869
8042 8727
5248 7593
6810 8310
3169 4699
7120 8042
6784 7085
7397 8630
9313 9782
873 2955
3571 5260
1040 9995
9549 9549
5727 6198
6553 9605
9281 9709
7284 8390
1572 9425
3551 6463
3531 9742
323 3032
79 6441
1645 3503
8039 8685
883 9831
2509 5008
7038 8464
7508 8835
7653 8330
1206 3926
9515 9944
3519 5881
9770 9821
9822 9925
302 8850
2978 9539
7021 9456
8203 9454
9052 9386
1847 3740
8122 9745
9561 9989
482 9520
7025 9424
6168 9963
1880 3533
9618 9772
8181 9758
466 9099
3078 7980
6947 7269
436 1093
4214 6821
2466 2530
6107 8397
204 5811
4734 7309
3737 9674
7946 9231
1936 2881
7980 8234
9058 9858
9695 9755
66 5693
6242 8267
9517 9664
8579 9042
2820 3313
8634 9572
6647 8290
3293 3435
2866 6185
6574 8008
3165 4745
7349 8029
9695 9923
1615 4759
8706 9868
8475 9918
9954 9998
7212 7671
1198 5696
1262 2825
9928 9995
9898 9967
2773 2875
6735 8376
382 3899
1440 2293
5303 8724
1332 6883
6207 8513
3695 8714
9141 9677
2656 9317
4456 9014
7789 8579
6910 9372
5861 9367
3885 6672
1701 5462
8295 9589
5624 6083
2885 4078
1635 2709
7162 8614
5399 9459
6737 8775
380 5828
2852 9609
2530 8384
511 8914
6917 9756
7027 9121
6710 7336
9486 9657
2618 8456
9993 9999
5300 5880
1078 8468
8241 9115
298 3734
1413 6306
3434 4251
625 9578
1692 2781
1644 6709
4961 9641
8814 8829
5051 8954
7338 9654
7647 9077
9710 9804
2863 9405
4557 9996
6725 8506
6791 7828
2094 5275
2844 7775
1111 7664
8480 8632
5258 8953
9674 9720
4324 4904
1916 7771
8581 9888
1890 9538
5418 9231
9379 9736
494 7306
5736 6015
9491 9811
4678 6652
874 9004
2296 6116
6780 8494
1708 9341
8882 9492
4933 8018
9911 9972
3275 4625
6945 7193
2598 7208
239 4358
4671 7084
3460 8637
846 8403
6177 6537
6653 7842
30 3194
9610 9990
8807 8864
7159 7696
3604 7455
5511 9258
2088 9894
6438 7640
6943 8785
9861 9949
4520 5689
6353 7482
8346 8539
1277 4752
7365 8121
3737 4188
3332 4885
5468 6687
8386 9800
3970 4607
1966 8339
4890 6375
7585 9555
8845 9124
2537 7209
4378 6818
7396 8130
2685 4935
1056 2324
3391 8709
5665 8207
3664 9921
3319 6632
8705 9639
7400 9048
9936 9963
3448 3582
6928 7520
7913 9981
2493 9446
4100 4245
6251 7082
9367 9446
4345 5617
3351 7120
7633 9356
8868 9561
9402 9548
7038 7158
1590 9050
5464 8323
6902 8568
4972 6063
4285 8764
1760 6898
7267 8016
6399 9022
318 9164
7441 9731
5731 6449
3301 9437
731 2428
3839 5921
831 6999
5562 7359
8581 8762
7607 8997
5385 8358
338 7153
796 5884
2468 9933
8366 9741
3486 8458
8752 8819
4719 6691
2405 9410
7655 8402
1295 5928
1581 4193
1952 2160
7632 8878
841 9448
2532 4794
2590 7324
3249 7960
5027 7344
4686 7101
4446 5527
1954 9945
4251 6233
8480 8794
9764 9783
8693 8928
7840 8595
7587 9303
8893 9990
8363 8376
7946 9613
4498 8345
7103 7819
9356 9411
2449 7414
5467 6947
8322 8938
8048 9260
9063 9265
1039 6936
2450 4041
4134 9580
4085 6356
8555 9316
1155 9073
5656 6169
1850 7131
8478 9959
7330 8564
9534 9720
4892 9272
8734 9109
8536 8955
3973 4812
7765 9848
9916 9989
2903 7328
5401 9095
376 7684
6825 9572
2001 9536
7555 9376
6367 9264
7175 7196
2918 6474
6543 8199
8536 8927
611 7895
453 518
9123 9562
1532 2489
136 2123
2261 6123
8057 8310
9518 9741
3652 3805
2358 8276
2433 5180
5671 9180
3408 8578
8840 9004
7034 7302
1961 6112
2941 3832
3450 7897
6775 8664
302 4812
7167 7461
951 3981
3234 7382
4426 6800
2862 7702
3022 7154
6702 7080
1882 2468
6337 9424
8770 9780
1578 3136
590 4668
5166 6900
9975 9986
613 4383
8430 9643
2066 6873
5757 6355
3406 8699
1686 8211
4605 6013
3827 7516
8436 9378
9982 9995
3280 4786
8647 9974
4923 9799
6963 8673
854 3976
4864 6642
4954 7499
3022 9267
3068 3938
755 1328
9737 9759
2421 2720
4948 8803
5745 9645
3440 9042
1081 1679
3441 3452
7271 8586
6441 7214
8420 9692
7220 8679
1090 8002
7073 7596
24 1818
9441 9946
46 4129
2033 7732
5250 6952
8470 8587
9861 9935
5111 8700
8430 8585
2426 4913
6070 7077
4056 9915
2650 6683
6210 7042
1331 5734
5806 7905
6302 6917
8016 8596
3616 8315
4329 9196
8522 9909
520 9254
5197 8548
7579 9240
9782 9812
3193 8096
4523 6397
6856 7998
874 2157
8465 8517
3877 8432
5708 9530
7291 7797
2554 2719
5614 5966
2901 8148
441 8968
8861 9453
7707 8723
4136 6977
5750 9604
6293 9168
7472 8442
2918 7140
9740 9871
8031 9546
9467 9879
5755 9633
4370 4755
6861 9771
8306 9958
6364 8998
5252 9350
9916 9948
6013 6209
7754 8640
1484 7647
307 6771
5049 5748
8394 8619
6857 7661
6542 7188
364 2286
4067 5892
7541 8135
6170 9723
6565 9470
4193 5555
4566 5929
6086 9690
7970 9284
9215 9672
7155 7382
5694 7666
7304 8399
4861 8357
4261 5721
899 3827
4001 4067
6392 8091
8063 9640
5421 5900
5499 5576
2107 9806
5363 9210
5413 6094
614 7579
6193 8737
3168 9048
9487 9646
7381 7998
4778 5816
4609 6427
462 5756
9276 9589
3691 8096
6241 7978
5636 8472
2368 3011
8618 9611
6495 7666
967 9206
8018 9724
1930 8831
7518 8919
6843 8217
1086 1453
1437 6837
4915 7480
8169 8836
7832 8167
3047 6825
3993 9080
5547 5665
8659 9131
9132 9985
8760 8999
7135 9123
5623 7789
4212 4517
437 551
1110 7526
5378 8539
2286 9722
9481 9875
7357 7420
5254 8450
823 3846
8538 9450
9469 9842
9085 9483
2853 4537
823 5488
7844 8592
1710 9672
9589 9981
3851 7267
7324 9519
9852 9963
1532 7690
2325 6406
4371 5215
2379 3045
4126 7409
5989 6384
9079 9847
9602 9826
191 6135
9943 9980
9563 9861
3677 9587
4125 4912
485 8575
2415 3839
9552 9565
3520 7713
5372 6738
3539 9000
9354 9396
6185 9426
4698 7992
8102 9035
5635 9135
8383 8821
3030 7634
9535 9546
6268 9843
4000 5565
5774 7401
7785 8340
1713 9394
6461 6835
3886 8622
7712 8924
1318 2823
6603 9145
1016 2135
159 9160
185 4976
3330 8880
2043 4637
8140 8903
853 8827
5338 8525
9501 9531
5092 6112
8352 9056
2974 4629
1218 6290
4852 9196
6467 8573
2918 3218
6012 7965
1511 5399
5854 9086
8022 9862
1577 8538
502 4711
4715 8173
6766 7237
2430 5019
9070 9525
5477 7063
1411 7878
3668 6013
315 6148
30 6246
7151 8729
4786 6684
1847 3186
2887 7309
9005 9239
7545 9236
7990 8362
8406 9825
9822 9995
1746 6881
7495 9952
2048 7596
4338 6634
8770 9258
3973 7551
8331 8472
8268 8676
8195 9888
3170 4109
9069 9922
7320 9072
2298 2538
6250 9120
3646 5307
1232 3649
5805 8556
9074 9892
7611 7634
6201 9166
3703 9099
3697 4366
370 9699
406 7736
3900 5484
9929 9981
1327 8200
395 3387
334 2370
3779 9199
51 7861
1807 8798
3549 7115
1484 9322
8593 8641
7483 8407
9645 9741
9121 9568
7384 9014
8302 9533
1498 7593
7233 9927
6298 6414
2894 3435
6503 8201
7686 8184
2413 7206
9082 9799
7979 8403
444 8899
1044 3019
715 7211
8953 9039
7153 7261
9370 9577
2746 8512
9029 9734
3226 4913
2915 3488
3271 4678
1968 2644
9524 9989
5729 7137
3182 5430
5842 7579
5358 6694
7941 8968
5939 9665
4918 7154
9569 9738
2037 8125
8409 8409
9366 9726
1086 1862
4792 7370
7480 7563
4335 4697
1075 2802
5184 8819
949 4447
5212 7838
8062 9713
9786 9841
8010 8253
1930 4321
2406 3062
9981 9985
875 3949
5583 7524
2219 5254
4023 4521
1570 7766
2703 8045
2038 3650
9140 9871
2584 8747
7574 9329
80 6423
5901 7251
7735 9711
6601 7900
2442 3883
3988 4842
3910 9987
9608 9694
7281 8269
8878 9364
9644 9834
7712 8461
5849 7059
4983 9533
8199 9139
3115 5190
4778 6676
8961 9640
1381 6839
9993 9997
5541 5589
7034 7093
889 7172
99 1186
1263 6770
7614 8446
7698 9261
5667 9591
6098 8110
6493 9513
2662 9886
4202 4568
3356 4035
6866 8843
5414 7908
3542 6042
9856 9903
9990 9998
6576 7710
5961 9137
9679 9899
2108 4411
909 8963
4776 8069
2277 6984
1378 6176
1342 1830
6769 8217
4435 5573
353 8499
3412 9469
7779 7791
2009 2644
8072 8261
554 934
4049 9994
657 8506
2339 9475
4158 9292
8278 9806
4077 9934
9551 9798
6343 7357
6035 9409
7324 7355
5260 5892
3180 5477
2054 2533
6451 9532
1099 1235
1201 8000
5046 9104
8053 9703
2309 2708
6655 7534
315 8620
480 7487
2987 3292
1166 7845
6797 8785
5036 5195
7056 9643
9489 9615
6604 7064
1554 5610
4375 7682
1230 8088
4630 5307
2197 3159
84 567
2704 7360
7015 8950
8033 8872
9518 9940
4721 9058
3574 9974
9914 9940
3901 6537
7497 7813
4177 5259
1550 2722
3864 6816
8492 9807
6782 9468
6992 7639
472 9095
81 5058
6286 7148
8007 9373
6426 8603
3245 6460
4470 5433
7320 8913
8291 9040
4137 5308
3991 5161
8706 8995
5451 7947
5944 6280
6001 9511
4979 7270
9874 9913
9875 9910
831 6300
3189 5514
4584 8654
9057 9919
7432 8408
6329 8825
423 7562
3978 9232
1160 5223
4762 6522
4034 9011
5329 7750
8585 9201
2995 6494
4402 5165
2867 3258
3796 4043
1754 9609
4553 4636
2783 5310
2156 3011
1965 5337
9064 9356
6661 9726
4260 5735
2292 3255
2388 3596
401 2894
9447 9945
4628 9924
2078 3303
1943 3929
5828 7502
4354 4999
8294 9095
7003 7209
9893 9985
8028 9825
2324 8996
221 9081
6811 7848
8156 8767
6620 7678
804 7546
3541 8536
2573 2685
1719 8999
450 5470
3587 7358
6071 8357
2457 5736
1985 4971
5826 6480
789 1470
9648 9758
4645 5761
3800 3810
8167 8672
2936 3389
3447 3664
8646 9954
5937 7280
6430 8660
8360 9069
4070 5324
7503 9557
7430 8791
3510 7441
4846 7530
197 3561
9165 9177
7492 8752
2450 8528
9950 9966
4564 9617
3015 5545
6051 9647
6353 9996
5269 6651
6912 9375
8100 8283
8935 9250
2453 6636
150 8731
9484 9710
3603 9170
6603 7398
9354 9625
7333 7481
5082 8496
2762 8749
8116 9210
6018 8913
3239 4180
5399 6669
8680 8764
6575 9317
644 6687
9283 9388
4681 5532
2889 9512
908 1901
2315 6530
1637 5883
2345 4980
4929 8431
9903 9917
4785 5191
8431 8599
7995 8844
7872 8408
4882 6519
7297 8244
9919 9973
6042 7045
2233 3873
9909 9978
4609 6944
140 3324
7889 8476
7975 8580
963 6326
9458 9938
3231 9488
5210 6930
3355 8812
4817 5308
8632 8721
8427 9403
4978 8464
8805 9685
5829 7907
3645 4907
5986 6388
3483 7265
9900 9918
4014 9591
1082 2115
1837 7423
5220 8034
6748 8403
9181 9584
8566 9528
9573 9853
4897 7707
1825 6449
3105 9251
2349 3231
2823 5042
569 2229
2550 7667
3866 8125
671 6900
8549 9450
9660 9859
6421 9711
3855 6256
3720 9456
8963 9465
9541 9789
2441 6636
8846 9021
4878 8815
7381 7955
2879 7944
3375 9021
9093 9281
1215 7267
